     0.00,     0.00,     1.50,     1.00,     3.00,     0.00,     4.50,    -1.00
     6.00,     0.00,     7.50,     1.00,     9.00,     0.00,    10.50,    -1.00
    12.00,     0.00,    13.50,     1.00,    15.00,     0.00,    16.50,    -1.00
    18.00,     0.00,    19.50,     1.00,    21.00,     0.00,    22.50,    -1.00
    24.00,     0.00,    25.50,     1.00,    27.00,     0.00,    28.50,    -1.00
    30.00,     0.00,    31.50,     1.00,    33.00,     0.00,    34.50,    -1.00
    36.00,     0.00,    37.50,     1.00,    39.00,     0.00,    40.50,    -1.00
    42.00,     0.00,    43.50,     1.00,    45.00,     0.00,    46.50,    -1.00
    48.00,     0.00,    49.50,     1.00,    51.00,     0.00,    52.50,    -1.00
    54.00,     0.00,    55.50,     1.00,    57.00,     0.00,    58.50,    -1.00
    60.00,     0.00,    61.50,     1.00,    63.00,     0.00,    64.50,    -1.00
    66.00,     0.00,    67.50,     1.00,    69.00,     0.00,    70.50,    -1.00
    72.00,     0.00,    73.50,     1.00,    75.00,     0.00,    76.50,    -1.00
    78.00,     0.00,    79.50,     1.00,    81.00,     0.00,    82.50,    -1.00
    84.00,     0.00,    85.50,     1.00,    87.00,     0.00,    88.50,    -1.00
    90.00,     0.00,    91.50,     1.00,    93.00,     0.00,    94.50,    -1.00
    96.00,     0.00,    97.50,     1.00,    99.00,     0.00,   100.50,    -1.00
   102.00,     0.00,   103.50,     1.00,   105.00,     0.00,   106.50,    -1.00
   108.00,     0.00,   109.50,     1.00,   111.00,     0.00,   112.50,    -1.00
   114.00,     0.00,   115.50,     1.00,   117.00,     0.00,   118.50,    -1.00
   120.00,     0.00,   121.50,     1.00,   123.00,     0.00,   124.50,    -1.00
   126.00,     0.00,   127.50,     1.00,   129.00,     0.00,   130.50,    -1.00
   132.00,     0.00,   133.50,     1.00,   135.00,     0.00,   136.50,    -1.00
   138.00,     0.00,   139.50,     1.00,   141.00,     0.00,   142.50,    -1.00
   144.00,     0.00,   145.50,     1.00,   147.00,     0.00,   148.50,    -1.00
   150.00,     0.00,   151.50,     1.00,   153.00,     0.00,   154.50,    -1.00
   156.00,     0.00,   157.50,     1.00,   159.00,     0.00,   160.50,    -1.00
   162.00,     0.00,   163.50,     1.00,   165.00,     0.00,   166.50,    -1.00
   168.00,     0.00,   169.50,     1.00,   171.00,     0.00,   172.50,    -1.00
   174.00,     0.00,   175.50,     1.00,   177.00,     0.00,   178.50,    -1.00
   180.00,     0.00,   181.50,     1.00,   183.00,     0.00,   184.50,    -1.00
   186.00,     0.00,   187.50,     1.00,   189.00,     0.00,   190.50,    -1.00
   192.00,     0.00,   193.50,     1.00,   195.00,     0.00,   196.50,    -1.00
   198.00,     0.00,   199.50,     1.00,   201.00,     0.00,   202.50,    -1.00
   204.00,     0.00,   205.50,     1.00,   207.00,     0.00,   208.50,    -1.00
   210.00,     0.00,   211.50,     1.00,   213.00,     0.00,   214.50,    -1.00
   216.00,     0.00,   217.50,     1.00,   219.00,     0.00,   220.50,    -1.00
   222.00,     0.00,   223.50,     1.00,   225.00,     0.00,   226.50,    -1.00
   228.00,     0.00,   229.50,     1.00,   231.00,     0.00,   232.50,    -1.00
   234.00,     0.00,   235.50,     1.00,   237.00,     0.00,   238.50,    -1.00
   240.00,     0.00,   241.50,     1.00,   243.00,     0.00,   244.50,    -1.00
   246.00,     0.00,   247.50,     1.00,   249.00,     0.00,   250.50,    -1.00
   252.00,     0.00,   253.50,     1.00,   255.00,     0.00,   256.50,    -1.00
   258.00,     0.00,   259.50,     1.00,   261.00,     0.00,   262.50,    -1.00
   264.00,     0.00,   265.50,     1.00,   267.00,     0.00,   268.50,    -1.00
   270.00,     0.00,   271.50,     1.00,   273.00,     0.00,   274.50,    -1.00
   276.00,     0.00,   277.50,     1.00,   279.00,     0.00,   280.50,    -1.00
   282.00,     0.00,   283.50,     1.00,   285.00,     0.00,   286.50,    -1.00
   288.00,     0.00,   289.50,     1.00,   291.00,     0.00,   292.50,    -1.00
   294.00,     0.00,   295.50,     1.00,   297.00,     0.00,   298.50,    -1.00
   300.00,     0.00,   301.50,     1.00,   303.00,     0.00,   304.50,    -1.00
   306.00,     0.00,   307.50,     1.00,   309.00,     0.00,   310.50,    -1.00
   312.00,     0.00,   313.50,     1.00,   315.00,     0.00,   316.50,    -1.00
   318.00,     0.00,   319.50,     1.00,   321.00,     0.00,   322.50,    -1.00
   324.00,     0.00,   325.50,     1.00,   327.00,     0.00,   328.50,    -1.00
   330.00,     0.00,   331.50,     1.00,   333.00,     0.00,   334.50,    -1.00
   336.00,     0.00,   337.50,     1.00,   339.00,     0.00,   340.50,    -1.00
   342.00,     0.00,   343.50,     1.00,   345.00,     0.00,   346.50,    -1.00
   348.00,     0.00,   349.50,     1.00,   351.00,     0.00,   352.50,    -1.00
   354.00,     0.00,   355.50,     1.00,   357.00,     0.00,   358.50,    -1.00
   360.00,     0.00,   361.50,     1.00,   363.00,     0.00,   364.50,    -1.00
   366.00,     0.00,   367.50,     1.00,   369.00,     0.00,   370.50,    -1.00
   372.00,     0.00,   373.50,     1.00,   375.00,     0.00,   376.50,    -1.00
   378.00,     0.00,   379.50,     1.00,   381.00,     0.00,   382.50,    -1.00
   384.00,     0.00,   385.50,     1.00,   387.00,     0.00,   388.50,    -1.00
   390.00,     0.00,   391.50,     1.00,   393.00,     0.00,   394.50,    -1.00
   396.00,     0.00,   397.50,     1.00,   399.00,     0.00,   400.50,    -1.00
   402.00,     0.00,   403.50,     1.00,   405.00,     0.00,   406.50,    -1.00
   408.00,     0.00,   409.50,     1.00,   411.00,     0.00,   412.50,    -1.00
   414.00,     0.00,   415.50,     1.00,   417.00,     0.00,   418.50,    -1.00
   420.00,     0.00,   421.50,     1.00,   423.00,     0.00,   424.50,    -1.00
   426.00,     0.00,   427.50,     1.00,   429.00,     0.00,   430.50,    -1.00
   432.00,     0.00,   433.50,     1.00,   435.00,     0.00,   436.50,    -1.00
   438.00,     0.00,   439.50,     1.00,   441.00,     0.00,   442.50,    -1.00
   444.00,     0.00,   445.50,     1.00,   447.00,     0.00,   448.50,    -1.00
   450.00,     0.00,   451.50,     1.00,   453.00,     0.00,   454.50,    -1.00
   456.00,     0.00,   457.50,     1.00,   459.00,     0.00,   460.50,    -1.00
   462.00,     0.00,   463.50,     1.00,   465.00,     0.00,   466.50,    -1.00
   468.00,     0.00,   469.50,     1.00,   471.00,     0.00,   472.50,    -1.00
   474.00,     0.00,   475.50,     1.00,   477.00,     0.00,   478.50,    -1.00
   480.00,     0.00,   481.50,     1.00,   483.00,     0.00,   484.50,    -1.00
   486.00,     0.00,   487.50,     1.00,   489.00,     0.00,   490.50,    -1.00
   492.00,     0.00,   493.50,     1.00,   495.00,     0.00,   496.50,    -1.00
   498.00,     0.00,   499.50,     1.00,   501.00,     0.00,   502.50,    -1.00
   504.00,     0.00,   505.50,     1.00,   507.00,     0.00,   508.50,    -1.00
   510.00,     0.00,   511.50,     1.00,   513.00,     0.00,   514.50,    -1.00
   516.00,     0.00,   517.50,     1.00,   519.00,     0.00,   520.50,    -1.00
   522.00,     0.00,   523.50,     1.00,   525.00,     0.00,   526.50,    -1.00
   528.00,     0.00,   529.50,     1.00,   531.00,     0.00,   532.50,    -1.00
   534.00,     0.00,   535.50,     1.00,   537.00,     0.00,   538.50,    -1.00
   540.00,     0.00,   541.50,     1.00,   543.00,     0.00,   544.50,    -1.00
   546.00,     0.00,   547.50,     1.00,   549.00,     0.00,   550.50,    -1.00
   552.00,     0.00,   553.50,     1.00,   555.00,     0.00,   556.50,    -1.00
   558.00,     0.00,   559.50,     1.00,   561.00,     0.00,   562.50,    -1.00
   564.00,     0.00,   565.50,     1.00,   567.00,     0.00,   568.50,    -1.00
   570.00,     0.00,   571.50,     1.00,   573.00,     0.00,   574.50,    -1.00
   576.00,     0.00,   577.50,     1.00,   579.00,     0.00,   580.50,    -1.00
   582.00,     0.00,   583.50,     1.00,   585.00,     0.00,   586.50,    -1.00
   588.00,     0.00,   589.50,     1.00,   591.00,     0.00,   592.50,    -1.00
   594.00,     0.00,   595.50,     1.00,   597.00,     0.00,   598.50,    -1.00
   600.00,     0.00,   601.50,     1.00,   603.00,     0.00,   604.50,    -1.00
   606.00,     0.00,   607.50,     1.00,   609.00,     0.00,   610.50,    -1.00
   612.00,     0.00,   613.50,     1.00,   615.00,     0.00,   616.50,    -1.00
   618.00,     0.00,   619.50,     1.00,   621.00,     0.00,   622.50,    -1.00
   624.00,     0.00,   625.50,     1.00,   627.00,     0.00,   628.50,    -1.00
   630.00,     0.00,   631.50,     1.00,   633.00,     0.00,   634.50,    -1.00
   636.00,     0.00,   637.50,     1.00,   639.00,     0.00,   640.50,    -1.00
   642.00,     0.00,   643.50,     1.00,   645.00,     0.00,   646.50,    -1.00
   648.00,     0.00,   649.50,     1.00,   651.00,     0.00,   652.50,    -1.00
   654.00,     0.00,   655.50,     1.00,   657.00,     0.00,   658.50,    -1.00
   660.00,     0.00,   661.50,     1.00,   663.00,     0.00,   664.50,    -1.00
   666.00,     0.00,   667.50,     1.00,   669.00,     0.00,   670.50,    -1.00
   672.00,     0.00,   673.50,     1.00,   675.00,     0.00,   676.50,    -1.00
   678.00,     0.00,   679.50,     1.00,   681.00,     0.00,   682.50,    -1.00
   684.00,     0.00,   685.50,     1.00,   687.00,     0.00,   688.50,    -1.00
   690.00,     0.00,   691.50,     1.00,   693.00,     0.00,   694.50,    -1.00
   696.00,     0.00,   697.50,     1.00,   699.00,     0.00,   700.50,    -1.00
   702.00,     0.00,   703.50,     1.00,   705.00,     0.00,   706.50,    -1.00
   708.00,     0.00,   709.50,     1.00,   711.00,     0.00,   712.50,    -1.00
   714.00,     0.00,   715.50,     1.00,   717.00,     0.00,   718.50,    -1.00
   720.00,     0.00,   721.50,     1.00,   723.00,     0.00,   724.50,    -1.00
   726.00,     0.00,   727.50,     1.00,   729.00,     0.00,   730.50,    -1.00
   732.00,     0.00,   733.50,     1.00,   735.00,     0.00,   736.50,    -1.00
   738.00,     0.00,   739.50,     1.00,   741.00,     0.00,   742.50,    -1.00
   744.00,     0.00,   745.50,     1.00,   747.00,     0.00,   748.50,    -1.00
   750.00,     0.00,   751.50,     1.00,   753.00,     0.00,   754.50,    -1.00
   756.00,     0.00,   757.50,     1.00,   759.00,     0.00,   760.50,    -1.00
   762.00,     0.00,   763.50,     1.00,   765.00,     0.00,   766.50,    -1.00
   768.00,     0.00,   769.50,     1.00,   771.00,     0.00,   772.50,    -1.00
   774.00,     0.00,   775.50,     1.00,   777.00,     0.00,   778.50,    -1.00
   780.00,     0.00,   781.50,     1.00,   783.00,     0.00,   784.50,    -1.00
   786.00,     0.00,   787.50,     1.00,   789.00,     0.00,   790.50,    -1.00
   792.00,     0.00,   793.50,     1.00,   795.00,     0.00,   796.50,    -1.00
   798.00,     0.00,   799.50,     1.00,   801.00,     0.00,   802.50,    -1.00
   804.00,     0.00,   805.50,     1.00,   807.00,     0.00,   808.50,    -1.00
   810.00,     0.00,   811.50,     1.00,   813.00,     0.00,   814.50,    -1.00
   816.00,     0.00,   817.50,     1.00,   819.00,     0.00,   820.50,    -1.00
   822.00,     0.00,   823.50,     1.00,   825.00,     0.00,   826.50,    -1.00
   828.00,     0.00,   829.50,     1.00,   831.00,     0.00,   832.50,    -1.00
   834.00,     0.00,   835.50,     1.00,   837.00,     0.00,   838.50,    -1.00
   840.00,     0.00,   841.50,     1.00,   843.00,     0.00,   844.50,    -1.00
   846.00,     0.00,   847.50,     1.00,   849.00,     0.00,   850.50,    -1.00
   852.00,     0.00,   853.50,     1.00,   855.00,     0.00,   856.50,    -1.00
   858.00,     0.00,   859.50,     1.00,   861.00,     0.00,   862.50,    -1.00
   864.00,     0.00,   865.50,     1.00,   867.00,     0.00,   868.50,    -1.00
   870.00,     0.00,   871.50,     1.00,   873.00,     0.00,   874.50,    -1.00
   876.00,     0.00,   877.50,     1.00,   879.00,     0.00,   880.50,    -1.00
   882.00,     0.00,   883.50,     1.00,   885.00,     0.00,   886.50,    -1.00
   888.00,     0.00,   889.50,     1.00,   891.00,     0.00,   892.50,    -1.00
   894.00,     0.00,   895.50,     1.00,   897.00,     0.00,   898.50,    -1.00
   900.00,     0.00,   901.50,     1.00,   903.00,     0.00,   904.50,    -1.00
   906.00,     0.00,   907.50,     1.00,   909.00,     0.00,   910.50,    -1.00
   912.00,     0.00,   913.50,     1.00,   915.00,     0.00,   916.50,    -1.00
   918.00,     0.00,   919.50,     1.00,   921.00,     0.00,   922.50,    -1.00
   924.00,     0.00,   925.50,     1.00,   927.00,     0.00,   928.50,    -1.00
   930.00,     0.00,   931.50,     1.00,   933.00,     0.00,   934.50,    -1.00
   936.00,     0.00,   937.50,     1.00,   939.00,     0.00,   940.50,    -1.00
   942.00,     0.00,   943.50,     1.00,   945.00,     0.00,   946.50,    -1.00
   948.00,     0.00,   949.50,     1.00,   951.00,     0.00,   952.50,    -1.00
   954.00,     0.00,   955.50,     1.00,   957.00,     0.00,   958.50,    -1.00
   960.00,     0.00,   961.50,     1.00,   963.00,     0.00,   964.50,    -1.00
   966.00,     0.00,   967.50,     1.00,   969.00,     0.00,   970.50,    -1.00
   972.00,     0.00,   973.50,     1.00,   975.00,     0.00,   976.50,    -1.00
   978.00,     0.00,   979.50,     1.00,   981.00,     0.00,   982.50,    -1.00
   984.00,     0.00,   985.50,     1.00,   987.00,     0.00,   988.50,    -1.00
   990.00,     0.00,   991.50,     1.00,   993.00,     0.00,   994.50,    -1.00
   996.00,     0.00,   997.50,     1.00,   999.00,     0.00,  1000.50,    -1.00
  1002.00,     0.00,  1003.50,     1.00,  1005.00,     0.00,  1006.50,    -1.00
  1008.00,     0.00,  1009.50,     1.00,  1011.00,     0.00,  1012.50,    -1.00
  1014.00,     0.00,  1015.50,     1.00,  1017.00,     0.00,  1018.50,    -1.00
  1020.00,     0.00,  1021.50,     1.00,  1023.00,     0.00,  1024.50,    -1.00
  1026.00,     0.00,  1027.50,     1.00,  1029.00,     0.00,  1030.50,    -1.00
  1032.00,     0.00,  1033.50,     1.00,  1035.00,     0.00,  1036.50,    -1.00
  1038.00,     0.00,  1039.50,     1.00,  1041.00,     0.00,  1042.50,    -1.00
  1044.00,     0.00,  1045.50,     1.00,  1047.00,     0.00,  1048.50,    -1.00
  1050.00,     0.00,  1051.50,     1.00,  1053.00,     0.00,  1054.50,    -1.00
  1056.00,     0.00,  1057.50,     1.00,  1059.00,     0.00,  1060.50,    -1.00
  1062.00,     0.00,  1063.50,     1.00,  1065.00,     0.00,  1066.50,    -1.00
  1068.00,     0.00,  1069.50,     1.00,  1071.00,     0.00,  1072.50,    -1.00
  1074.00,     0.00,  1075.50,     1.00,  1077.00,     0.00,  1078.50,    -1.00
  1080.00,     0.00,  1081.50,     1.00,  1083.00,     0.00,  1084.50,    -1.00
  1086.00,     0.00,  1087.50,     1.00,  1089.00,     0.00,  1090.50,    -1.00
  1092.00,     0.00,  1093.50,     1.00,  1095.00,     0.00,  1096.50,    -1.00
  1098.00,     0.00,  1099.50,     1.00,  1101.00,     0.00,  1102.50,    -1.00
  1104.00,     0.00,  1105.50,     1.00,  1107.00,     0.00,  1108.50,    -1.00
  1110.00,     0.00,  1111.50,     1.00,  1113.00,     0.00,  1114.50,    -1.00
  1116.00,     0.00,  1117.50,     1.00,  1119.00,     0.00,  1120.50,    -1.00
  1122.00,     0.00,  1123.50,     1.00,  1125.00,     0.00,  1126.50,    -1.00
  1128.00,     0.00,  1129.50,     1.00,  1131.00,     0.00,  1132.50,    -1.00
  1134.00,     0.00,  1135.50,     1.00,  1137.00,     0.00,  1138.50,    -1.00
  1140.00,     0.00,  1141.50,     1.00,  1143.00,     0.00,  1144.50,    -1.00
  1146.00,     0.00,  1147.50,     1.00,  1149.00,     0.00,  1150.50,    -1.00
  1152.00,     0.00,  1153.50,     1.00,  1155.00,     0.00,  1156.50,    -1.00
  1158.00,     0.00,  1159.50,     1.00,  1161.00,     0.00,  1162.50,    -1.00
  1164.00,     0.00,  1165.50,     1.00,  1167.00,     0.00,  1168.50,    -1.00
  1170.00,     0.00,  1171.50,     1.00,  1173.00,     0.00,  1174.50,    -1.00
  1176.00,     0.00,  1177.50,     1.00,  1179.00,     0.00,  1180.50,    -1.00
  1182.00,     0.00,  1183.50,     1.00,  1185.00,     0.00,  1186.50,    -1.00
  1188.00,     0.00,  1189.50,     1.00,  1191.00,     0.00,  1192.50,    -1.00
  1194.00,     0.00,  1195.50,     1.00,  1197.00,     0.00,  1198.50,    -1.00
  1200.00,     0.00,  1201.50,     1.00,  1203.00,     0.00,  1204.50,    -1.00
  1206.00,     0.00,  1207.50,     1.00,  1209.00,     0.00,  1210.50,    -1.00
  1212.00,     0.00,  1213.50,     1.00,  1215.00,     0.00,  1216.50,    -1.00
  1218.00,     0.00,  1219.50,     1.00,  1221.00,     0.00,  1222.50,    -1.00
  1224.00,     0.00,  1225.50,     1.00,  1227.00,     0.00,  1228.50,    -1.00
  1230.00,     0.00,  1231.50,     1.00,  1233.00,     0.00,  1234.50,    -1.00
  1236.00,     0.00,  1237.50,     1.00,  1239.00,     0.00,  1240.50,    -1.00
  1242.00,     0.00,  1243.50,     1.00,  1245.00,     0.00,  1246.50,    -1.00
  1248.00,     0.00,  1249.50,     1.00,  1251.00,     0.00,  1252.50,    -1.00
  1254.00,     0.00,  1255.50,     1.00,  1257.00,     0.00,  1258.50,    -1.00
  1260.00,     0.00,  1261.50,     1.00,  1263.00,     0.00,  1264.50,    -1.00
  1266.00,     0.00,  1267.50,     1.00,  1269.00,     0.00,  1270.50,    -1.00
  1272.00,     0.00,  1273.50,     1.00,  1275.00,     0.00,  1276.50,    -1.00
  1278.00,     0.00,  1279.50,     1.00,  1281.00,     0.00,  1282.50,    -1.00
  1284.00,     0.00,  1285.50,     1.00,  1287.00,     0.00,  1288.50,    -1.00
  1290.00,     0.00,  1291.50,     1.00,  1293.00,     0.00,  1294.50,    -1.00
  1296.00,     0.00,  1297.50,     1.00,  1299.00,     0.00,  1300.50,    -1.00
  1302.00,     0.00,  1303.50,     1.00,  1305.00,     0.00,  1306.50,    -1.00
  1308.00,     0.00,  1309.50,     1.00,  1311.00,     0.00,  1312.50,    -1.00
  1314.00,     0.00,  1315.50,     1.00,  1317.00,     0.00,  1318.50,    -1.00
  1320.00,     0.00,  1321.50,     1.00,  1323.00,     0.00,  1324.50,    -1.00
  1326.00,     0.00,  1327.50,     1.00,  1329.00,     0.00,  1330.50,    -1.00
  1332.00,     0.00,  1333.50,     1.00,  1335.00,     0.00,  1336.50,    -1.00
  1338.00,     0.00,  1339.50,     1.00,  1341.00,     0.00,  1342.50,    -1.00
  1344.00,     0.00,  1345.50,     1.00,  1347.00,     0.00,  1348.50,    -1.00
  1350.00,     0.00,  1351.50,     1.00,  1353.00,     0.00,  1354.50,    -1.00
  1356.00,     0.00,  1357.50,     1.00,  1359.00,     0.00,  1360.50,    -1.00
  1362.00,     0.00,  1363.50,     1.00,  1365.00,     0.00,  1366.50,    -1.00
  1368.00,     0.00,  1369.50,     1.00,  1371.00,     0.00,  1372.50,    -1.00
  1374.00,     0.00,  1375.50,     1.00,  1377.00,     0.00,  1378.50,    -1.00
  1380.00,     0.00,  1381.50,     1.00,  1383.00,     0.00,  1384.50,    -1.00
  1386.00,     0.00,  1387.50,     1.00,  1389.00,     0.00,  1390.50,    -1.00
  1392.00,     0.00,  1393.50,     1.00,  1395.00,     0.00,  1396.50,    -1.00
  1398.00,     0.00,  1399.50,     1.00,  1401.00,     0.00,  1402.50,    -1.00
  1404.00,     0.00,  1405.50,     1.00,  1407.00,     0.00,  1408.50,    -1.00
  1410.00,     0.00,  1411.50,     1.00,  1413.00,     0.00,  1414.50,    -1.00
  1416.00,     0.00,  1417.50,     1.00,  1419.00,     0.00,  1420.50,    -1.00
  1422.00,     0.00,  1423.50,     1.00,  1425.00,     0.00,  1426.50,    -1.00
  1428.00,     0.00,  1429.50,     1.00,  1431.00,     0.00,  1432.50,    -1.00
  1434.00,     0.00,  1435.50,     1.00,  1437.00,     0.00,  1438.50,    -1.00
  1440.00,     0.00,  1441.50,     1.00,  1443.00,     0.00,  1444.50,    -1.00
  1446.00,     0.00,  1447.50,     1.00,  1449.00,     0.00,  1450.50,    -1.00
  1452.00,     0.00,  1453.50,     1.00,  1455.00,     0.00,  1456.50,    -1.00
  1458.00,     0.00,  1459.50,     1.00,  1461.00,     0.00,  1462.50,    -1.00
  1464.00,     0.00,  1465.50,     1.00,  1467.00,     0.00,  1468.50,    -1.00
  1470.00,     0.00,  1471.50,     1.00,  1473.00,     0.00,  1474.50,    -1.00
  1476.00,     0.00,  1477.50,     1.00,  1479.00,     0.00,  1480.50,    -1.00
  1482.00,     0.00,  1483.50,     1.00,  1485.00,     0.00,  1486.50,    -1.00
  1488.00,     0.00,  1489.50,     1.00,  1491.00,     0.00,  1492.50,    -1.00
  1494.00,     0.00,  1495.50,     1.00,  1497.00,     0.00,  1498.50,    -1.00
  1500.00,     0.00,  1501.50,     1.00,  1503.00,     0.00,  1504.50,    -1.00
  1506.00,     0.00,  1507.50,     1.00,  1509.00,     0.00,  1510.50,    -1.00
  1512.00,     0.00,  1513.50,     1.00,  1515.00,     0.00,  1516.50,    -1.00
  1518.00,     0.00,  1519.50,     1.00,  1521.00,     0.00,  1522.50,    -1.00
  1524.00,     0.00,  1525.50,     1.00,  1527.00,     0.00,  1528.50,    -1.00
  1530.00,     0.00,  1531.50,     1.00,  1533.00,     0.00,  1534.50,    -1.00
  1536.00,     0.00,  1537.50,     1.00,  1539.00,     0.00,  1540.50,    -1.00
  1542.00,     0.00,  1543.50,     1.00,  1545.00,     0.00,  1546.50,    -1.00
  1548.00,     0.00,  1549.50,     1.00,  1551.00,     0.00,  1552.50,    -1.00
  1554.00,     0.00,  1555.50,     1.00,  1557.00,     0.00,  1558.50,    -1.00
  1560.00,     0.00,  1561.50,     1.00,  1563.00,     0.00,  1564.50,    -1.00
  1566.00,     0.00,  1567.50,     1.00,  1569.00,     0.00,  1570.50,    -1.00
  1572.00,     0.00,  1573.50,     1.00,  1575.00,     0.00,  1576.50,    -1.00
  1578.00,     0.00,  1579.50,     1.00,  1581.00,     0.00,  1582.50,    -1.00
  1584.00,     0.00,  1585.50,     1.00,  1587.00,     0.00,  1588.50,    -1.00
  1590.00,     0.00,  1591.50,     1.00,  1593.00,     0.00,  1594.50,    -1.00
  1596.00,     0.00,  1597.50,     1.00,  1599.00,     0.00,  1600.50,    -1.00
  1602.00,     0.00,  1603.50,     1.00,  1605.00,     0.00,  1606.50,    -1.00
  1608.00,     0.00,  1609.50,     1.00,  1611.00,     0.00,  1612.50,    -1.00
  1614.00,     0.00,  1615.50,     1.00,  1617.00,     0.00,  1618.50,    -1.00
  1620.00,     0.00,  1621.50,     1.00,  1623.00,     0.00,  1624.50,    -1.00
  1626.00,     0.00,  1627.50,     1.00,  1629.00,     0.00,  1630.50,    -1.00
  1632.00,     0.00,  1633.50,     1.00,  1635.00,     0.00,  1636.50,    -1.00
  1638.00,     0.00,  1639.50,     1.00,  1641.00,     0.00,  1642.50,    -1.00
  1644.00,     0.00,  1645.50,     1.00,  1647.00,     0.00,  1648.50,    -1.00
  1650.00,     0.00,  1651.50,     1.00,  1653.00,     0.00,  1654.50,    -1.00
  1656.00,     0.00,  1657.50,     1.00,  1659.00,     0.00,  1660.50,    -1.00
  1662.00,     0.00,  1663.50,     1.00,  1665.00,     0.00,  1666.50,    -1.00
  1668.00,     0.00,  1669.50,     1.00,  1671.00,     0.00,  1672.50,    -1.00
  1674.00,     0.00,  1675.50,     1.00,  1677.00,     0.00,  1678.50,    -1.00
  1680.00,     0.00,  1681.50,     1.00,  1683.00,     0.00,  1684.50,    -1.00
  1686.00,     0.00,  1687.50,     1.00,  1689.00,     0.00,  1690.50,    -1.00
  1692.00,     0.00,  1693.50,     1.00,  1695.00,     0.00,  1696.50,    -1.00
  1698.00,     0.00,  1699.50,     1.00,  1701.00,     0.00,  1702.50,    -1.00
  1704.00,     0.00,  1705.50,     1.00,  1707.00,     0.00,  1708.50,    -1.00
  1710.00,     0.00,  1711.50,     1.00,  1713.00,     0.00,  1714.50,    -1.00
  1716.00,     0.00,  1717.50,     1.00,  1719.00,     0.00,  1720.50,    -1.00
  1722.00,     0.00,  1723.50,     1.00,  1725.00,     0.00,  1726.50,    -1.00
  1728.00,     0.00,  1729.50,     1.00,  1731.00,     0.00,  1732.50,    -1.00
  1734.00,     0.00,  1735.50,     1.00,  1737.00,     0.00,  1738.50,    -1.00
  1740.00,     0.00,  1741.50,     1.00,  1743.00,     0.00,  1744.50,    -1.00
  1746.00,     0.00,  1747.50,     1.00,  1749.00,     0.00,  1750.50,    -1.00
  1752.00,     0.00,  1753.50,     1.00,  1755.00,     0.00,  1756.50,    -1.00
  1758.00,     0.00,  1759.50,     1.00,  1761.00,     0.00,  1762.50,    -1.00
  1764.00,     0.00,  1765.50,     1.00,  1767.00,     0.00,  1768.50,    -1.00
  1770.00,     0.00,  1771.50,     1.00,  1773.00,     0.00,  1774.50,    -1.00
  1776.00,     0.00,  1777.50,     1.00,  1779.00,     0.00,  1780.50,    -1.00
  1782.00,     0.00,  1783.50,     1.00,  1785.00,     0.00,  1786.50,    -1.00
  1788.00,     0.00,  1789.50,     1.00,  1791.00,     0.00,  1792.50,    -1.00
  1794.00,     0.00,  1795.50,     1.00,  1797.00,     0.00,  1798.50,    -1.00
  1800.00,     0.00,  1801.50,     1.00,  1803.00,     0.00,  1804.50,    -1.00
  1806.00,     0.00,  1807.50,     1.00,  1809.00,     0.00,  1810.50,    -1.00
  1812.00,     0.00,  1813.50,     1.00,  1815.00,     0.00,  1816.50,    -1.00
  1818.00,     0.00,  1819.50,     1.00,  1821.00,     0.00,  1822.50,    -1.00
  1824.00,     0.00,  1825.50,     1.00,  1827.00,     0.00,  1828.50,    -1.00
  1830.00,     0.00,  1831.50,     1.00,  1833.00,     0.00,  1834.50,    -1.00
  1836.00,     0.00,  1837.50,     1.00,  1839.00,     0.00,  1840.50,    -1.00
  1842.00,     0.00,  1843.50,     1.00,  1845.00,     0.00,  1846.50,    -1.00
  1848.00,     0.00,  1849.50,     1.00,  1851.00,     0.00,  1852.50,    -1.00
  1854.00,     0.00,  1855.50,     1.00,  1857.00,     0.00,  1858.50,    -1.00
  1860.00,     0.00,  1861.50,     1.00,  1863.00,     0.00,  1864.50,    -1.00
  1866.00,     0.00,  1867.50,     1.00,  1869.00,     0.00,  1870.50,    -1.00
  1872.00,     0.00,  1873.50,     1.00,  1875.00,     0.00,  1876.50,    -1.00
  1878.00,     0.00,  1879.50,     1.00,  1881.00,     0.00,  1882.50,    -1.00
  1884.00,     0.00,  1885.50,     1.00,  1887.00,     0.00,  1888.50,    -1.00
  1890.00,     0.00,  1891.50,     1.00,  1893.00,     0.00,  1894.50,    -1.00
  1896.00,     0.00,  1897.50,     1.00,  1899.00,     0.00,  1900.50,    -1.00
  1902.00,     0.00,  1903.50,     1.00,  1905.00,     0.00,  1906.50,    -1.00
  1908.00,     0.00,  1909.50,     1.00,  1911.00,     0.00,  1912.50,    -1.00
  1914.00,     0.00,  1915.50,     1.00,  1917.00,     0.00,  1918.50,    -1.00
  1920.00,     0.00,  1921.50,     1.00,  1923.00,     0.00,  1924.50,    -1.00
  1926.00,     0.00,  1927.50,     1.00,  1929.00,     0.00,  1930.50,    -1.00
  1932.00,     0.00,  1933.50,     1.00,  1935.00,     0.00,  1936.50,    -1.00
  1938.00,     0.00,  1939.50,     1.00,  1941.00,     0.00,  1942.50,    -1.00
  1944.00,     0.00,  1945.50,     1.00,  1947.00,     0.00,  1948.50,    -1.00
  1950.00,     0.00,  1951.50,     1.00,  1953.00,     0.00,  1954.50,    -1.00
  1956.00,     0.00,  1957.50,     1.00,  1959.00,     0.00,  1960.50,    -1.00
  1962.00,     0.00,  1963.50,     1.00,  1965.00,     0.00,  1966.50,    -1.00
  1968.00,     0.00,  1969.50,     1.00,  1971.00,     0.00,  1972.50,    -1.00
  1974.00,     0.00,  1975.50,     1.00,  1977.00,     0.00,  1978.50,    -1.00
  1980.00,     0.00,  1981.50,     1.00,  1983.00,     0.00,  1984.50,    -1.00
  1986.00,     0.00,  1987.50,     1.00,  1989.00,     0.00,  1990.50,    -1.00
  1992.00,     0.00,  1993.50,     1.00,  1995.00,     0.00,  1996.50,    -1.00
  1998.00,     0.00,  1999.50,     1.00,  2001.00,     0.00,  2002.50,    -1.00
  2004.00,     0.00,  2005.50,     1.00,  2007.00,     0.00,  2008.50,    -1.00
  2010.00,     0.00,  2011.50,     1.00,  2013.00,     0.00,  2014.50,    -1.00
  2016.00,     0.00,  2017.50,     1.00,  2019.00,     0.00,  2020.50,    -1.00
  2022.00,     0.00,  2023.50,     1.00,  2025.00,     0.00,  2026.50,    -1.00
  2028.00,     0.00,  2029.50,     1.00,  2031.00,     0.00,  2032.50,    -1.00
  2034.00,     0.00,  2035.50,     1.00,  2037.00,     0.00,  2038.50,    -1.00
  2040.00,     0.00,  2041.50,     1.00,  2043.00,     0.00,  2044.50,    -1.00
  2046.00,     0.00,  2047.50,     1.00,  2049.00,     0.00,  2050.50,    -1.00
  2052.00,     0.00,  2053.50,     1.00,  2055.00,     0.00,  2056.50,    -1.00
  2058.00,     0.00,  2059.50,     1.00,  2061.00,     0.00,  2062.50,    -1.00
  2064.00,     0.00,  2065.50,     1.00,  2067.00,     0.00,  2068.50,    -1.00
  2070.00,     0.00,  2071.50,     1.00,  2073.00,     0.00,  2074.50,    -1.00
  2076.00,     0.00,  2077.50,     1.00,  2079.00,     0.00,  2080.50,    -1.00
  2082.00,     0.00,  2083.50,     1.00,  2085.00,     0.00,  2086.50,    -1.00
  2088.00,     0.00,  2089.50,     1.00,  2091.00,     0.00,  2092.50,    -1.00
  2094.00,     0.00,  2095.50,     1.00,  2097.00,     0.00,  2098.50,    -1.00
  2100.00,     0.00,  2101.50,     1.00,  2103.00,     0.00,  2104.50,    -1.00
  2106.00,     0.00,  2107.50,     1.00,  2109.00,     0.00,  2110.50,    -1.00
  2112.00,     0.00,  2113.50,     1.00,  2115.00,     0.00,  2116.50,    -1.00
  2118.00,     0.00,  2119.50,     1.00,  2121.00,     0.00,  2122.50,    -1.00
  2124.00,     0.00,  2125.50,     1.00,  2127.00,     0.00,  2128.50,    -1.00
  2130.00,     0.00,  2131.50,     1.00,  2133.00,     0.00,  2134.50,    -1.00
  2136.00,     0.00,  2137.50,     1.00,  2139.00,     0.00,  2140.50,    -1.00
  2142.00,     0.00,  2143.50,     1.00,  2145.00,     0.00,  2146.50,    -1.00
  2148.00,     0.00,  2149.50,     1.00,  2151.00,     0.00,  2152.50,    -1.00
  2154.00,     0.00,  2155.50,     1.00,  2157.00,     0.00,  2158.50,    -1.00
  2160.00,     0.00,  2161.50,     1.00,  2163.00,     0.00,  2164.50,    -1.00
  2166.00,     0.00,  2167.50,     1.00,  2169.00,     0.00,  2170.50,    -1.00
  2172.00,     0.00,  2173.50,     1.00,  2175.00,     0.00,  2176.50,    -1.00
  2178.00,     0.00,  2179.50,     1.00,  2181.00,     0.00,  2182.50,    -1.00
  2184.00,     0.00,  2185.50,     1.00,  2187.00,     0.00,  2188.50,    -1.00
  2190.00,     0.00,  2191.50,     1.00,  2193.00,     0.00,  2194.50,    -1.00
  2196.00,     0.00,  2197.50,     1.00,  2199.00,     0.00,  2200.50,    -1.00
  2202.00,     0.00,  2203.50,     1.00,  2205.00,     0.00,  2206.50,    -1.00
  2208.00,     0.00,  2209.50,     1.00,  2211.00,     0.00,  2212.50,    -1.00
  2214.00,     0.00,  2215.50,     1.00,  2217.00,     0.00,  2218.50,    -1.00
  2220.00,     0.00,  2221.50,     1.00,  2223.00,     0.00,  2224.50,    -1.00
  2226.00,     0.00,  2227.50,     1.00,  2229.00,     0.00,  2230.50,    -1.00
  2232.00,     0.00,  2233.50,     1.00,  2235.00,     0.00,  2236.50,    -1.00
  2238.00,     0.00,  2239.50,     1.00,  2241.00,     0.00,  2242.50,    -1.00
  2244.00,     0.00,  2245.50,     1.00,  2247.00,     0.00,  2248.50,    -1.00
  2250.00,     0.00,  2251.50,     1.00,  2253.00,     0.00,  2254.50,    -1.00
  2256.00,     0.00,  2257.50,     1.00,  2259.00,     0.00,  2260.50,    -1.00
  2262.00,     0.00,  2263.50,     1.00,  2265.00,     0.00,  2266.50,    -1.00
  2268.00,     0.00,  2269.50,     1.00,  2271.00,     0.00,  2272.50,    -1.00
  2274.00,     0.00,  2275.50,     1.00,  2277.00,     0.00,  2278.50,    -1.00
  2280.00,     0.00,  2281.50,     1.00,  2283.00,     0.00,  2284.50,    -1.00
  2286.00,     0.00,  2287.50,     1.00,  2289.00,     0.00,  2290.50,    -1.00
  2292.00,     0.00,  2293.50,     1.00,  2295.00,     0.00,  2296.50,    -1.00
  2298.00,     0.00,  2299.50,     1.00,  2301.00,     0.00,  2302.50,    -1.00
  2304.00,     0.00,  2305.50,     1.00,  2307.00,     0.00,  2308.50,    -1.00
  2310.00,     0.00,  2311.50,     1.00,  2313.00,     0.00,  2314.50,    -1.00
  2316.00,     0.00,  2317.50,     1.00,  2319.00,     0.00,  2320.50,    -1.00
  2322.00,     0.00,  2323.50,     1.00,  2325.00,     0.00,  2326.50,    -1.00
  2328.00,     0.00,  2329.50,     1.00,  2331.00,     0.00,  2332.50,    -1.00
  2334.00,     0.00,  2335.50,     1.00,  2337.00,     0.00,  2338.50,    -1.00
  2340.00,     0.00,  2341.50,     1.00,  2343.00,     0.00,  2344.50,    -1.00
  2346.00,     0.00,  2347.50,     1.00,  2349.00,     0.00,  2350.50,    -1.00
  2352.00,     0.00,  2353.50,     1.00,  2355.00,     0.00,  2356.50,    -1.00
  2358.00,     0.00,  2359.50,     1.00,  2361.00,     0.00,  2362.50,    -1.00
  2364.00,     0.00,  2365.50,     1.00,  2367.00,     0.00,  2368.50,    -1.00
  2370.00,     0.00,  2371.50,     1.00,  2373.00,     0.00,  2374.50,    -1.00
  2376.00,     0.00,  2377.50,     1.00,  2379.00,     0.00,  2380.50,    -1.00
  2382.00,     0.00,  2383.50,     1.00,  2385.00,     0.00,  2386.50,    -1.00
  2388.00,     0.00,  2389.50,     1.00,  2391.00,     0.00,  2392.50,    -1.00
  2394.00,     0.00,  2395.50,     1.00,  2397.00,     0.00,  2398.50,    -1.00
  2400.00,     0.00,  2401.50,     1.00,  2403.00,     0.00,  2404.50,    -1.00
  2406.00,     0.00,  2407.50,     1.00,  2409.00,     0.00,  2410.50,    -1.00
  2412.00,     0.00,  2413.50,     1.00,  2415.00,     0.00,  2416.50,    -1.00
  2418.00,     0.00,  2419.50,     1.00,  2421.00,     0.00,  2422.50,    -1.00
  2424.00,     0.00,  2425.50,     1.00,  2427.00,     0.00,  2428.50,    -1.00
  2430.00,     0.00,  2431.50,     1.00,  2433.00,     0.00,  2434.50,    -1.00
  2436.00,     0.00,  2437.50,     1.00,  2439.00,     0.00,  2440.50,    -1.00
  2442.00,     0.00,  2443.50,     1.00,  2445.00,     0.00,  2446.50,    -1.00
  2448.00,     0.00,  2449.50,     1.00,  2451.00,     0.00,  2452.50,    -1.00
  2454.00,     0.00,  2455.50,     1.00,  2457.00,     0.00,  2458.50,    -1.00
  2460.00,     0.00,  2461.50,     1.00,  2463.00,     0.00,  2464.50,    -1.00
  2466.00,     0.00,  2467.50,     1.00,  2469.00,     0.00,  2470.50,    -1.00
  2472.00,     0.00,  2473.50,     1.00,  2475.00,     0.00,  2476.50,    -1.00
  2478.00,     0.00,  2479.50,     1.00,  2481.00,     0.00,  2482.50,    -1.00
  2484.00,     0.00,  2485.50,     1.00,  2487.00,     0.00,  2488.50,    -1.00
  2490.00,     0.00,  2491.50,     1.00,  2493.00,     0.00,  2494.50,    -1.00
  2496.00,     0.00,  2497.50,     1.00,  2499.00,     0.00,  2500.50,    -1.00
  2502.00,     0.00,  2503.50,     1.00,  2505.00,     0.00,  2506.50,    -1.00
  2508.00,     0.00,  2509.50,     1.00,  2511.00,     0.00,  2512.50,    -1.00
  2514.00,     0.00,  2515.50,     1.00,  2517.00,     0.00,  2518.50,    -1.00
  2520.00,     0.00,  2521.50,     1.00,  2523.00,     0.00,  2524.50,    -1.00
  2526.00,     0.00,  2527.50,     1.00,  2529.00,     0.00,  2530.50,    -1.00
  2532.00,     0.00,  2533.50,     1.00,  2535.00,     0.00,  2536.50,    -1.00
  2538.00,     0.00,  2539.50,     1.00,  2541.00,     0.00,  2542.50,    -1.00
  2544.00,     0.00,  2545.50,     1.00,  2547.00,     0.00,  2548.50,    -1.00
  2550.00,     0.00,  2551.50,     1.00,  2553.00,     0.00,  2554.50,    -1.00
  2556.00,     0.00,  2557.50,     1.00,  2559.00,     0.00,  2560.50,    -1.00
  2562.00,     0.00,  2563.50,     1.00,  2565.00,     0.00,  2566.50,    -1.00
  2568.00,     0.00,  2569.50,     1.00,  2571.00,     0.00,  2572.50,    -1.00
  2574.00,     0.00,  2575.50,     1.00,  2577.00,     0.00,  2578.50,    -1.00
  2580.00,     0.00,  2581.50,     1.00,  2583.00,     0.00,  2584.50,    -1.00
  2586.00,     0.00,  2587.50,     1.00,  2589.00,     0.00,  2590.50,    -1.00
  2592.00,     0.00,  2593.50,     1.00,  2595.00,     0.00,  2596.50,    -1.00
  2598.00,     0.00,  2599.50,     1.00,  2601.00,     0.00,  2602.50,    -1.00
  2604.00,     0.00,  2605.50,     1.00,  2607.00,     0.00,  2608.50,    -1.00
  2610.00,     0.00,  2611.50,     1.00,  2613.00,     0.00,  2614.50,    -1.00
  2616.00,     0.00,  2617.50,     1.00,  2619.00,     0.00,  2620.50,    -1.00
  2622.00,     0.00,  2623.50,     1.00,  2625.00,     0.00,  2626.50,    -1.00
  2628.00,     0.00,  2629.50,     1.00,  2631.00,     0.00,  2632.50,    -1.00
  2634.00,     0.00,  2635.50,     1.00,  2637.00,     0.00,  2638.50,    -1.00
  2640.00,     0.00,  2641.50,     1.00,  2643.00,     0.00,  2644.50,    -1.00
  2646.00,     0.00,  2647.50,     1.00,  2649.00,     0.00,  2650.50,    -1.00
  2652.00,     0.00,  2653.50,     1.00,  2655.00,     0.00,  2656.50,    -1.00
  2658.00,     0.00,  2659.50,     1.00,  2661.00,     0.00,  2662.50,    -1.00
  2664.00,     0.00,  2665.50,     1.00,  2667.00,     0.00,  2668.50,    -1.00
  2670.00,     0.00,  2671.50,     1.00,  2673.00,     0.00,  2674.50,    -1.00
  2676.00,     0.00,  2677.50,     1.00,  2679.00,     0.00,  2680.50,    -1.00
  2682.00,     0.00,  2683.50,     1.00,  2685.00,     0.00,  2686.50,    -1.00
  2688.00,     0.00,  2689.50,     1.00,  2691.00,     0.00,  2692.50,    -1.00
  2694.00,     0.00,  2695.50,     1.00,  2697.00,     0.00,  2698.50,    -1.00
  2700.00,     0.00,  2701.50,     1.00,  2703.00,     0.00,  2704.50,    -1.00
  2706.00,     0.00,  2707.50,     1.00,  2709.00,     0.00,  2710.50,    -1.00
  2712.00,     0.00,  2713.50,     1.00,  2715.00,     0.00,  2716.50,    -1.00
  2718.00,     0.00,  2719.50,     1.00,  2721.00,     0.00,  2722.50,    -1.00
  2724.00,     0.00,  2725.50,     1.00,  2727.00,     0.00,  2728.50,    -1.00
  2730.00,     0.00,  2731.50,     1.00,  2733.00,     0.00,  2734.50,    -1.00
  2736.00,     0.00,  2737.50,     1.00,  2739.00,     0.00,  2740.50,    -1.00
  2742.00,     0.00,  2743.50,     1.00,  2745.00,     0.00,  2746.50,    -1.00
  2748.00,     0.00,  2749.50,     1.00,  2751.00,     0.00,  2752.50,    -1.00
  2754.00,     0.00,  2755.50,     1.00,  2757.00,     0.00,  2758.50,    -1.00
  2760.00,     0.00,  2761.50,     1.00,  2763.00,     0.00,  2764.50,    -1.00
  2766.00,     0.00,  2767.50,     1.00,  2769.00,     0.00,  2770.50,    -1.00
  2772.00,     0.00,  2773.50,     1.00,  2775.00,     0.00,  2776.50,    -1.00
  2778.00,     0.00,  2779.50,     1.00,  2781.00,     0.00,  2782.50,    -1.00
  2784.00,     0.00,  2785.50,     1.00,  2787.00,     0.00,  2788.50,    -1.00
  2790.00,     0.00,  2791.50,     1.00,  2793.00,     0.00,  2794.50,    -1.00
  2796.00,     0.00,  2797.50,     1.00,  2799.00,     0.00,  2800.50,    -1.00
  2802.00,     0.00,  2803.50,     1.00,  2805.00,     0.00,  2806.50,    -1.00
  2808.00,     0.00,  2809.50,     1.00,  2811.00,     0.00,  2812.50,    -1.00
  2814.00,     0.00,  2815.50,     1.00,  2817.00,     0.00,  2818.50,    -1.00
  2820.00,     0.00,  2821.50,     1.00,  2823.00,     0.00,  2824.50,    -1.00
  2826.00,     0.00,  2827.50,     1.00,  2829.00,     0.00,  2830.50,    -1.00
  2832.00,     0.00,  2833.50,     1.00,  2835.00,     0.00,  2836.50,    -1.00
  2838.00,     0.00,  2839.50,     1.00,  2841.00,     0.00,  2842.50,    -1.00
  2844.00,     0.00,  2845.50,     1.00,  2847.00,     0.00,  2848.50,    -1.00
  2850.00,     0.00,  2851.50,     1.00,  2853.00,     0.00,  2854.50,    -1.00
  2856.00,     0.00,  2857.50,     1.00,  2859.00,     0.00,  2860.50,    -1.00
  2862.00,     0.00,  2863.50,     1.00,  2865.00,     0.00,  2866.50,    -1.00
  2868.00,     0.00,  2869.50,     1.00,  2871.00,     0.00,  2872.50,    -1.00
  2874.00,     0.00,  2875.50,     1.00,  2877.00,     0.00,  2878.50,    -1.00
  2880.00,     0.00,  2881.50,     1.00,  2883.00,     0.00,  2884.50,    -1.00
  2886.00,     0.00,  2887.50,     1.00,  2889.00,     0.00,  2890.50,    -1.00
  2892.00,     0.00,  2893.50,     1.00,  2895.00,     0.00,  2896.50,    -1.00
  2898.00,     0.00,  2899.50,     1.00,  2901.00,     0.00,  2902.50,    -1.00
  2904.00,     0.00,  2905.50,     1.00,  2907.00,     0.00,  2908.50,    -1.00
  2910.00,     0.00,  2911.50,     1.00,  2913.00,     0.00,  2914.50,    -1.00
  2916.00,     0.00,  2917.50,     1.00,  2919.00,     0.00,  2920.50,    -1.00
  2922.00,     0.00,  2923.50,     1.00,  2925.00,     0.00,  2926.50,    -1.00
  2928.00,     0.00,  2929.50,     1.00,  2931.00,     0.00,  2932.50,    -1.00
  2934.00,     0.00,  2935.50,     1.00,  2937.00,     0.00,  2938.50,    -1.00
  2940.00,     0.00,  2941.50,     1.00,  2943.00,     0.00,  2944.50,    -1.00
  2946.00,     0.00,  2947.50,     1.00,  2949.00,     0.00,  2950.50,    -1.00
  2952.00,     0.00,  2953.50,     1.00,  2955.00,     0.00,  2956.50,    -1.00
  2958.00,     0.00,  2959.50,     1.00,  2961.00,     0.00,  2962.50,    -1.00
  2964.00,     0.00,  2965.50,     1.00,  2967.00,     0.00,  2968.50,    -1.00
  2970.00,     0.00,  2971.50,     1.00,  2973.00,     0.00,  2974.50,    -1.00
  2976.00,     0.00,  2977.50,     1.00,  2979.00,     0.00,  2980.50,    -1.00
  2982.00,     0.00,  2983.50,     1.00,  2985.00,     0.00,  2986.50,    -1.00
  2988.00,     0.00,  2989.50,     1.00,  2991.00,     0.00,  2992.50,    -1.00
  2994.00,     0.00,  2995.50,     1.00,  2997.00,     0.00,  2998.50,    -1.00
  3000.00,     0.00,  3001.50,     1.00,  3003.00,     0.00,  3004.50,    -1.00
  3006.00,     0.00,  3007.50,     1.00,  3009.00,     0.00,  3010.50,    -1.00
  3012.00,     0.00,  3013.50,     1.00,  3015.00,     0.00,  3016.50,    -1.00
  3018.00,     0.00,  3019.50,     1.00,  3021.00,     0.00,  3022.50,    -1.00
  3024.00,     0.00,  3025.50,     1.00,  3027.00,     0.00,  3028.50,    -1.00
  3030.00,     0.00,  3031.50,     1.00,  3033.00,     0.00,  3034.50,    -1.00
  3036.00,     0.00,  3037.50,     1.00,  3039.00,     0.00,  3040.50,    -1.00
  3042.00,     0.00,  3043.50,     1.00,  3045.00,     0.00,  3046.50,    -1.00
  3048.00,     0.00,  3049.50,     1.00,  3051.00,     0.00,  3052.50,    -1.00
  3054.00,     0.00,  3055.50,     1.00,  3057.00,     0.00,  3058.50,    -1.00
  3060.00,     0.00,  3061.50,     1.00,  3063.00,     0.00,  3064.50,    -1.00
  3066.00,     0.00,  3067.50,     1.00,  3069.00,     0.00,  3070.50,    -1.00
  3072.00,     0.00,  3073.50,     1.00,  3075.00,     0.00,  3076.50,    -1.00
  3078.00,     0.00,  3079.50,     1.00,  3081.00,     0.00,  3082.50,    -1.00
  3084.00,     0.00,  3085.50,     1.00,  3087.00,     0.00,  3088.50,    -1.00
  3090.00,     0.00,  3091.50,     1.00,  3093.00,     0.00,  3094.50,    -1.00
  3096.00,     0.00,  3097.50,     1.00,  3099.00,     0.00,  3100.50,    -1.00
  3102.00,     0.00,  3103.50,     1.00,  3105.00,     0.00,  3106.50,    -1.00
  3108.00,     0.00,  3109.50,     1.00,  3111.00,     0.00,  3112.50,    -1.00
  3114.00,     0.00,  3115.50,     1.00,  3117.00,     0.00,  3118.50,    -1.00
  3120.00,     0.00,  3121.50,     1.00,  3123.00,     0.00,  3124.50,    -1.00
  3126.00,     0.00,  3127.50,     1.00,  3129.00,     0.00,  3130.50,    -1.00
  3132.00,     0.00,  3133.50,     1.00,  3135.00,     0.00,  3136.50,    -1.00
  3138.00,     0.00,  3139.50,     1.00,  3141.00,     0.00,  3142.50,    -1.00
  3144.00,     0.00,  3145.50,     1.00,  3147.00,     0.00,  3148.50,    -1.00
  3150.00,     0.00,  3151.50,     1.00,  3153.00,     0.00,  3154.50,    -1.00
  3156.00,     0.00,  3157.50,     1.00,  3159.00,     0.00,  3160.50,    -1.00
  3162.00,     0.00,  3163.50,     1.00,  3165.00,     0.00,  3166.50,    -1.00
  3168.00,     0.00,  3169.50,     1.00,  3171.00,     0.00,  3172.50,    -1.00
  3174.00,     0.00,  3175.50,     1.00,  3177.00,     0.00,  3178.50,    -1.00
  3180.00,     0.00,  3181.50,     1.00,  3183.00,     0.00,  3184.50,    -1.00
  3186.00,     0.00,  3187.50,     1.00,  3189.00,     0.00,  3190.50,    -1.00
  3192.00,     0.00,  3193.50,     1.00,  3195.00,     0.00,  3196.50,    -1.00
  3198.00,     0.00,  3199.50,     1.00,  3201.00,     0.00,  3202.50,    -1.00
  3204.00,     0.00,  3205.50,     1.00,  3207.00,     0.00,  3208.50,    -1.00
  3210.00,     0.00,  3211.50,     1.00,  3213.00,     0.00,  3214.50,    -1.00
  3216.00,     0.00,  3217.50,     1.00,  3219.00,     0.00,  3220.50,    -1.00
  3222.00,     0.00,  3223.50,     1.00,  3225.00,     0.00,  3226.50,    -1.00
  3228.00,     0.00,  3229.50,     1.00,  3231.00,     0.00,  3232.50,    -1.00
  3234.00,     0.00,  3235.50,     1.00,  3237.00,     0.00,  3238.50,    -1.00
  3240.00,     0.00,  3241.50,     1.00,  3243.00,     0.00,  3244.50,    -1.00
  3246.00,     0.00,  3247.50,     1.00,  3249.00,     0.00,  3250.50,    -1.00
  3252.00,     0.00,  3253.50,     1.00,  3255.00,     0.00,  3256.50,    -1.00
  3258.00,     0.00,  3259.50,     1.00,  3261.00,     0.00,  3262.50,    -1.00
  3264.00,     0.00,  3265.50,     1.00,  3267.00,     0.00,  3268.50,    -1.00
  3270.00,     0.00,  3271.50,     1.00,  3273.00,     0.00,  3274.50,    -1.00
  3276.00,     0.00,  3277.50,     1.00,  3279.00,     0.00,  3280.50,    -1.00
  3282.00,     0.00,  3283.50,     1.00,  3285.00,     0.00,  3286.50,    -1.00
  3288.00,     0.00,  3289.50,     1.00,  3291.00,     0.00,  3292.50,    -1.00
  3294.00,     0.00,  3295.50,     1.00,  3297.00,     0.00,  3298.50,    -1.00
  3300.00,     0.00,  3301.50,     1.00,  3303.00,     0.00,  3304.50,    -1.00
  3306.00,     0.00,  3307.50,     1.00,  3309.00,     0.00,  3310.50,    -1.00
  3312.00,     0.00,  3313.50,     1.00,  3315.00,     0.00,  3316.50,    -1.00
  3318.00,     0.00,  3319.50,     1.00,  3321.00,     0.00,  3322.50,    -1.00
  3324.00,     0.00,  3325.50,     1.00,  3327.00,     0.00,  3328.50,    -1.00
  3330.00,     0.00,  3331.50,     1.00,  3333.00,     0.00,  3334.50,    -1.00
  3336.00,     0.00,  3337.50,     1.00,  3339.00,     0.00,  3340.50,    -1.00
  3342.00,     0.00,  3343.50,     1.00,  3345.00,     0.00,  3346.50,    -1.00
  3348.00,     0.00,  3349.50,     1.00,  3351.00,     0.00,  3352.50,    -1.00
  3354.00,     0.00,  3355.50,     1.00,  3357.00,     0.00,  3358.50,    -1.00
  3360.00,     0.00,  3361.50,     1.00,  3363.00,     0.00,  3364.50,    -1.00
  3366.00,     0.00,  3367.50,     1.00,  3369.00,     0.00,  3370.50,    -1.00
  3372.00,     0.00,  3373.50,     1.00,  3375.00,     0.00,  3376.50,    -1.00
  3378.00,     0.00,  3379.50,     1.00,  3381.00,     0.00,  3382.50,    -1.00
  3384.00,     0.00,  3385.50,     1.00,  3387.00,     0.00,  3388.50,    -1.00
  3390.00,     0.00,  3391.50,     1.00,  3393.00,     0.00,  3394.50,    -1.00
  3396.00,     0.00,  3397.50,     1.00,  3399.00,     0.00,  3400.50,    -1.00
  3402.00,     0.00,  3403.50,     1.00,  3405.00,     0.00,  3406.50,    -1.00
  3408.00,     0.00,  3409.50,     1.00,  3411.00,     0.00,  3412.50,    -1.00
  3414.00,     0.00,  3415.50,     1.00,  3417.00,     0.00,  3418.50,    -1.00
  3420.00,     0.00,  3421.50,     1.00,  3423.00,     0.00,  3424.50,    -1.00
  3426.00,     0.00,  3427.50,     1.00,  3429.00,     0.00,  3430.50,    -1.00
  3432.00,     0.00,  3433.50,     1.00,  3435.00,     0.00,  3436.50,    -1.00
  3438.00,     0.00,  3439.50,     1.00,  3441.00,     0.00,  3442.50,    -1.00
  3444.00,     0.00,  3445.50,     1.00,  3447.00,     0.00,  3448.50,    -1.00
  3450.00,     0.00,  3451.50,     1.00,  3453.00,     0.00,  3454.50,    -1.00
  3456.00,     0.00,  3457.50,     1.00,  3459.00,     0.00,  3460.50,    -1.00
  3462.00,     0.00,  3463.50,     1.00,  3465.00,     0.00,  3466.50,    -1.00
  3468.00,     0.00,  3469.50,     1.00,  3471.00,     0.00,  3472.50,    -1.00
  3474.00,     0.00,  3475.50,     1.00,  3477.00,     0.00,  3478.50,    -1.00
  3480.00,     0.00,  3481.50,     1.00,  3483.00,     0.00,  3484.50,    -1.00
  3486.00,     0.00,  3487.50,     1.00,  3489.00,     0.00,  3490.50,    -1.00
  3492.00,     0.00,  3493.50,     1.00,  3495.00,     0.00,  3496.50,    -1.00
  3498.00,     0.00,  3499.50,     1.00,  3501.00,     0.00,  3502.50,    -1.00
  3504.00,     0.00,  3505.50,     1.00,  3507.00,     0.00,  3508.50,    -1.00
  3510.00,     0.00,  3511.50,     1.00,  3513.00,     0.00,  3514.50,    -1.00
  3516.00,     0.00,  3517.50,     1.00,  3519.00,     0.00,  3520.50,    -1.00
  3522.00,     0.00,  3523.50,     1.00,  3525.00,     0.00,  3526.50,    -1.00
  3528.00,     0.00,  3529.50,     1.00,  3531.00,     0.00,  3532.50,    -1.00
  3534.00,     0.00,  3535.50,     1.00,  3537.00,     0.00,  3538.50,    -1.00
  3540.00,     0.00,  3541.50,     1.00,  3543.00,     0.00,  3544.50,    -1.00
  3546.00,     0.00,  3547.50,     1.00,  3549.00,     0.00,  3550.50,    -1.00
  3552.00,     0.00,  3553.50,     1.00,  3555.00,     0.00,  3556.50,    -1.00
  3558.00,     0.00,  3559.50,     1.00,  3561.00,     0.00,  3562.50,    -1.00
  3564.00,     0.00,  3565.50,     1.00,  3567.00,     0.00,  3568.50,    -1.00
  3570.00,     0.00,  3571.50,     1.00,  3573.00,     0.00,  3574.50,    -1.00
  3576.00,     0.00,  3577.50,     1.00,  3579.00,     0.00,  3580.50,    -1.00
  3582.00,     0.00,  3583.50,     1.00,  3585.00,     0.00,  3586.50,    -1.00
  3588.00,     0.00,  3589.50,     1.00,  3591.00,     0.00,  3592.50,    -1.00
  3594.00,     0.00,  3595.50,     1.00,  3597.00,     0.00,  3598.50,    -1.00
  3600.00,     0.00,  3601.50,     1.00,  3603.00,     0.00,  3604.50,    -1.00
  3606.00,     0.00,  3607.50,     1.00,  3609.00,     0.00,  3610.50,    -1.00
  3612.00,     0.00,  3613.50,     1.00,  3615.00,     0.00,  3616.50,    -1.00
  3618.00,     0.00,  3619.50,     1.00,  3621.00,     0.00,  3622.50,    -1.00
  3624.00,     0.00,  3625.50,     1.00,  3627.00,     0.00,  3628.50,    -1.00
  3630.00,     0.00,  3631.50,     1.00,  3633.00,     0.00,  3634.50,    -1.00
  3636.00,     0.00,  3637.50,     1.00,  3639.00,     0.00,  3640.50,    -1.00
  3642.00,     0.00,  3643.50,     1.00,  3645.00,     0.00,  3646.50,    -1.00
  3648.00,     0.00,  3649.50,     1.00,  3651.00,     0.00,  3652.50,    -1.00
  3654.00,     0.00,  3655.50,     1.00,  3657.00,     0.00,  3658.50,    -1.00
  3660.00,     0.00,  3661.50,     1.00,  3663.00,     0.00,  3664.50,    -1.00
  3666.00,     0.00,  3667.50,     1.00,  3669.00,     0.00,  3670.50,    -1.00
  3672.00,     0.00,  3673.50,     1.00,  3675.00,     0.00,  3676.50,    -1.00
  3678.00,     0.00,  3679.50,     1.00,  3681.00,     0.00,  3682.50,    -1.00
  3684.00,     0.00,  3685.50,     1.00,  3687.00,     0.00,  3688.50,    -1.00
  3690.00,     0.00,  3691.50,     1.00,  3693.00,     0.00,  3694.50,    -1.00
  3696.00,     0.00,  3697.50,     1.00,  3699.00,     0.00,  3700.50,    -1.00
  3702.00,     0.00,  3703.50,     1.00,  3705.00,     0.00,  3706.50,    -1.00
  3708.00,     0.00,  3709.50,     1.00,  3711.00,     0.00,  3712.50,    -1.00
  3714.00,     0.00,  3715.50,     1.00,  3717.00,     0.00,  3718.50,    -1.00
  3720.00,     0.00,  3721.50,     1.00,  3723.00,     0.00,  3724.50,    -1.00
  3726.00,     0.00,  3727.50,     1.00,  3729.00,     0.00,  3730.50,    -1.00
  3732.00,     0.00,  3733.50,     1.00,  3735.00,     0.00,  3736.50,    -1.00
  3738.00,     0.00,  3739.50,     1.00,  3741.00,     0.00,  3742.50,    -1.00
  3744.00,     0.00,  3745.50,     1.00,  3747.00,     0.00,  3748.50,    -1.00
  3750.00,     0.00,  3751.50,     1.00,  3753.00,     0.00,  3754.50,    -1.00
  3756.00,     0.00,  3757.50,     1.00,  3759.00,     0.00,  3760.50,    -1.00
  3762.00,     0.00,  3763.50,     1.00,  3765.00,     0.00,  3766.50,    -1.00
  3768.00,     0.00,  3769.50,     1.00,  3771.00,     0.00,  3772.50,    -1.00
  3774.00,     0.00,  3775.50,     1.00,  3777.00,     0.00,  3778.50,    -1.00
  3780.00,     0.00,  3781.50,     1.00,  3783.00,     0.00,  3784.50,    -1.00
  3786.00,     0.00,  3787.50,     1.00,  3789.00,     0.00,  3790.50,    -1.00
  3792.00,     0.00,  3793.50,     1.00,  3795.00,     0.00,  3796.50,    -1.00
  3798.00,     0.00,  3799.50,     1.00,  3801.00,     0.00,  3802.50,    -1.00
  3804.00,     0.00,  3805.50,     1.00,  3807.00,     0.00,  3808.50,    -1.00
  3810.00,     0.00,  3811.50,     1.00,  3813.00,     0.00,  3814.50,    -1.00
  3816.00,     0.00,  3817.50,     1.00,  3819.00,     0.00,  3820.50,    -1.00
  3822.00,     0.00,  3823.50,     1.00,  3825.00,     0.00,  3826.50,    -1.00
  3828.00,     0.00,  3829.50,     1.00,  3831.00,     0.00,  3832.50,    -1.00
  3834.00,     0.00,  3835.50,     1.00,  3837.00,     0.00,  3838.50,    -1.00
  3840.00,     0.00,  3841.50,     1.00,  3843.00,     0.00,  3844.50,    -1.00
  3846.00,     0.00,  3847.50,     1.00,  3849.00,     0.00,  3850.50,    -1.00
  3852.00,     0.00,  3853.50,     1.00,  3855.00,     0.00,  3856.50,    -1.00
  3858.00,     0.00,  3859.50,     1.00,  3861.00,     0.00,  3862.50,    -1.00
  3864.00,     0.00,  3865.50,     1.00,  3867.00,     0.00,  3868.50,    -1.00
  3870.00,     0.00,  3871.50,     1.00,  3873.00,     0.00,  3874.50,    -1.00
  3876.00,     0.00,  3877.50,     1.00,  3879.00,     0.00,  3880.50,    -1.00
  3882.00,     0.00,  3883.50,     1.00,  3885.00,     0.00,  3886.50,    -1.00
  3888.00,     0.00,  3889.50,     1.00,  3891.00,     0.00,  3892.50,    -1.00
  3894.00,     0.00,  3895.50,     1.00,  3897.00,     0.00,  3898.50,    -1.00
  3900.00,     0.00,  3901.50,     1.00,  3903.00,     0.00,  3904.50,    -1.00
  3906.00,     0.00,  3907.50,     1.00,  3909.00,     0.00,  3910.50,    -1.00
  3912.00,     0.00,  3913.50,     1.00,  3915.00,     0.00,  3916.50,    -1.00
  3918.00,     0.00,  3919.50,     1.00,  3921.00,     0.00,  3922.50,    -1.00
  3924.00,     0.00,  3925.50,     1.00,  3927.00,     0.00,  3928.50,    -1.00
  3930.00,     0.00,  3931.50,     1.00,  3933.00,     0.00,  3934.50,    -1.00
  3936.00,     0.00,  3937.50,     1.00,  3939.00,     0.00,  3940.50,    -1.00
  3942.00,     0.00,  3943.50,     1.00,  3945.00,     0.00,  3946.50,    -1.00
  3948.00,     0.00,  3949.50,     1.00,  3951.00,     0.00,  3952.50,    -1.00
  3954.00,     0.00,  3955.50,     1.00,  3957.00,     0.00,  3958.50,    -1.00
  3960.00,     0.00,  3961.50,     1.00,  3963.00,     0.00,  3964.50,    -1.00
  3966.00,     0.00,  3967.50,     1.00,  3969.00,     0.00,  3970.50,    -1.00
  3972.00,     0.00,  3973.50,     1.00,  3975.00,     0.00,  3976.50,    -1.00
  3978.00,     0.00,  3979.50,     1.00,  3981.00,     0.00,  3982.50,    -1.00
  3984.00,     0.00,  3985.50,     1.00,  3987.00,     0.00,  3988.50,    -1.00
  3990.00,     0.00,  3991.50,     1.00,  3993.00,     0.00,  3994.50,    -1.00
  3996.00,     0.00,  3997.50,     1.00,  3999.00,     0.00,  4000.50,    -1.00
  4002.00,     0.00,  4003.50,     1.00,  4005.00,     0.00,  4006.50,    -1.00
  4008.00,     0.00,  4009.50,     1.00,  4011.00,     0.00,  4012.50,    -1.00
  4014.00,     0.00,  4015.50,     1.00,  4017.00,     0.00,  4018.50,    -1.00
  4020.00,     0.00,  4021.50,     1.00,  4023.00,     0.00,  4024.50,    -1.00
  4026.00,     0.00,  4027.50,     1.00,  4029.00,     0.00,  4030.50,    -1.00
  4032.00,     0.00,  4033.50,     1.00,  4035.00,     0.00,  4036.50,    -1.00
  4038.00,     0.00,  4039.50,     1.00,  4041.00,     0.00,  4042.50,    -1.00
  4044.00,     0.00,  4045.50,     1.00,  4047.00,     0.00,  4048.50,    -1.00
  4050.00,     0.00,  4051.50,     1.00,  4053.00,     0.00,  4054.50,    -1.00
  4056.00,     0.00,  4057.50,     1.00,  4059.00,     0.00,  4060.50,    -1.00
  4062.00,     0.00,  4063.50,     1.00,  4065.00,     0.00,  4066.50,    -1.00
  4068.00,     0.00,  4069.50,     1.00,  4071.00,     0.00,  4072.50,    -1.00
  4074.00,     0.00,  4075.50,     1.00,  4077.00,     0.00,  4078.50,    -1.00
  4080.00,     0.00,  4081.50,     1.00,  4083.00,     0.00,  4084.50,    -1.00
  4086.00,     0.00,  4087.50,     1.00,  4089.00,     0.00,  4090.50,    -1.00
  4092.00,     0.00,  4093.50,     1.00,  4095.00,     0.00,  4096.50,    -1.00
  4098.00,     0.00,  4099.50,     1.00,  4101.00,     0.00,  4102.50,    -1.00
  4104.00,     0.00,  4105.50,     1.00,  4107.00,     0.00,  4108.50,    -1.00
  4110.00,     0.00,  4111.50,     1.00,  4113.00,     0.00,  4114.50,    -1.00
  4116.00,     0.00,  4117.50,     1.00,  4119.00,     0.00,  4120.50,    -1.00
  4122.00,     0.00,  4123.50,     1.00,  4125.00,     0.00,  4126.50,    -1.00
  4128.00,     0.00,  4129.50,     1.00,  4131.00,     0.00,  4132.50,    -1.00
  4134.00,     0.00,  4135.50,     1.00,  4137.00,     0.00,  4138.50,    -1.00
  4140.00,     0.00,  4141.50,     1.00,  4143.00,     0.00,  4144.50,    -1.00
  4146.00,     0.00,  4147.50,     1.00,  4149.00,     0.00,  4150.50,    -1.00
  4152.00,     0.00,  4153.50,     1.00,  4155.00,     0.00,  4156.50,    -1.00
  4158.00,     0.00,  4159.50,     1.00,  4161.00,     0.00,  4162.50,    -1.00
  4164.00,     0.00,  4165.50,     1.00,  4167.00,     0.00,  4168.50,    -1.00
  4170.00,     0.00,  4171.50,     1.00,  4173.00,     0.00,  4174.50,    -1.00
  4176.00,     0.00,  4177.50,     1.00,  4179.00,     0.00,  4180.50,    -1.00
  4182.00,     0.00,  4183.50,     1.00,  4185.00,     0.00,  4186.50,    -1.00
  4188.00,     0.00,  4189.50,     1.00,  4191.00,     0.00,  4192.50,    -1.00
  4194.00,     0.00,  4195.50,     1.00,  4197.00,     0.00,  4198.50,    -1.00
  4200.00,     0.00,  4201.50,     1.00,  4203.00,     0.00,  4204.50,    -1.00
  4206.00,     0.00,  4207.50,     1.00,  4209.00,     0.00,  4210.50,    -1.00
  4212.00,     0.00,  4213.50,     1.00,  4215.00,     0.00,  4216.50,    -1.00
  4218.00,     0.00,  4219.50,     1.00,  4221.00,     0.00,  4222.50,    -1.00
  4224.00,     0.00,  4225.50,     1.00,  4227.00,     0.00,  4228.50,    -1.00
  4230.00,     0.00,  4231.50,     1.00,  4233.00,     0.00,  4234.50,    -1.00
  4236.00,     0.00,  4237.50,     1.00,  4239.00,     0.00,  4240.50,    -1.00
  4242.00,     0.00,  4243.50,     1.00,  4245.00,     0.00,  4246.50,    -1.00
  4248.00,     0.00,  4249.50,     1.00,  4251.00,     0.00,  4252.50,    -1.00
  4254.00,     0.00,  4255.50,     1.00,  4257.00,     0.00,  4258.50,    -1.00
  4260.00,     0.00,  4261.50,     1.00,  4263.00,     0.00,  4264.50,    -1.00
  4266.00,     0.00,  4267.50,     1.00,  4269.00,     0.00,  4270.50,    -1.00
  4272.00,     0.00,  4273.50,     1.00,  4275.00,     0.00,  4276.50,    -1.00
  4278.00,     0.00,  4279.50,     1.00,  4281.00,     0.00,  4282.50,    -1.00
  4284.00,     0.00,  4285.50,     1.00,  4287.00,     0.00,  4288.50,    -1.00
  4290.00,     0.00,  4291.50,     1.00,  4293.00,     0.00,  4294.50,    -1.00
  4296.00,     0.00,  4297.50,     1.00,  4299.00,     0.00,  4300.50,    -1.00
  4302.00,     0.00,  4303.50,     1.00,  4305.00,     0.00,  4306.50,    -1.00
  4308.00,     0.00,  4309.50,     1.00,  4311.00,     0.00,  4312.50,    -1.00
  4314.00,     0.00,  4315.50,     1.00,  4317.00,     0.00,  4318.50,    -1.00
  4320.00,     0.00,  4321.50,     1.00,  4323.00,     0.00,  4324.50,    -1.00
  4326.00,     0.00,  4327.50,     1.00,  4329.00,     0.00,  4330.50,    -1.00
  4332.00,     0.00,  4333.50,     1.00,  4335.00,     0.00,  4336.50,    -1.00
  4338.00,     0.00,  4339.50,     1.00,  4341.00,     0.00,  4342.50,    -1.00
  4344.00,     0.00,  4345.50,     1.00,  4347.00,     0.00,  4348.50,    -1.00
  4350.00,     0.00,  4351.50,     1.00,  4353.00,     0.00,  4354.50,    -1.00
  4356.00,     0.00,  4357.50,     1.00,  4359.00,     0.00,  4360.50,    -1.00
  4362.00,     0.00,  4363.50,     1.00,  4365.00,     0.00,  4366.50,    -1.00
  4368.00,     0.00,  4369.50,     1.00,  4371.00,     0.00,  4372.50,    -1.00
  4374.00,     0.00,  4375.50,     1.00,  4377.00,     0.00,  4378.50,    -1.00
  4380.00,     0.00,  4381.50,     1.00,  4383.00,     0.00,  4384.50,    -1.00
  4386.00,     0.00,  4387.50,     1.00,  4389.00,     0.00,  4390.50,    -1.00
  4392.00,     0.00,  4393.50,     1.00,  4395.00,     0.00,  4396.50,    -1.00
  4398.00,     0.00,  4399.50,     1.00,  4401.00,     0.00,  4402.50,    -1.00
  4404.00,     0.00,  4405.50,     1.00,  4407.00,     0.00,  4408.50,    -1.00
  4410.00,     0.00,  4411.50,     1.00,  4413.00,     0.00,  4414.50,    -1.00
  4416.00,     0.00,  4417.50,     1.00,  4419.00,     0.00,  4420.50,    -1.00
  4422.00,     0.00,  4423.50,     1.00,  4425.00,     0.00,  4426.50,    -1.00
  4428.00,     0.00,  4429.50,     1.00,  4431.00,     0.00,  4432.50,    -1.00
  4434.00,     0.00,  4435.50,     1.00,  4437.00,     0.00,  4438.50,    -1.00
  4440.00,     0.00,  4441.50,     1.00,  4443.00,     0.00,  4444.50,    -1.00
  4446.00,     0.00,  4447.50,     1.00,  4449.00,     0.00,  4450.50,    -1.00
  4452.00,     0.00,  4453.50,     1.00,  4455.00,     0.00,  4456.50,    -1.00
  4458.00,     0.00,  4459.50,     1.00,  4461.00,     0.00,  4462.50,    -1.00
  4464.00,     0.00,  4465.50,     1.00,  4467.00,     0.00,  4468.50,    -1.00
  4470.00,     0.00,  4471.50,     1.00,  4473.00,     0.00,  4474.50,    -1.00
  4476.00,     0.00,  4477.50,     1.00,  4479.00,     0.00,  4480.50,    -1.00
  4482.00,     0.00,  4483.50,     1.00,  4485.00,     0.00,  4486.50,    -1.00
  4488.00,     0.00,  4489.50,     1.00,  4491.00,     0.00,  4492.50,    -1.00
  4494.00,     0.00,  4495.50,     1.00,  4497.00,     0.00,  4498.50,    -1.00
  4500.00,     0.00,  4501.50,     1.00,  4503.00,     0.00,  4504.50,    -1.00
  4506.00,     0.00,  4507.50,     1.00,  4509.00,     0.00,  4510.50,    -1.00
  4512.00,     0.00,  4513.50,     1.00,  4515.00,     0.00,  4516.50,    -1.00
  4518.00,     0.00,  4519.50,     1.00,  4521.00,     0.00,  4522.50,    -1.00
  4524.00,     0.00,  4525.50,     1.00,  4527.00,     0.00,  4528.50,    -1.00
  4530.00,     0.00,  4531.50,     1.00,  4533.00,     0.00,  4534.50,    -1.00
  4536.00,     0.00,  4537.50,     1.00,  4539.00,     0.00,  4540.50,    -1.00
  4542.00,     0.00,  4543.50,     1.00,  4545.00,     0.00,  4546.50,    -1.00
  4548.00,     0.00,  4549.50,     1.00,  4551.00,     0.00,  4552.50,    -1.00
  4554.00,     0.00,  4555.50,     1.00,  4557.00,     0.00,  4558.50,    -1.00
  4560.00,     0.00,  4561.50,     1.00,  4563.00,     0.00,  4564.50,    -1.00
  4566.00,     0.00,  4567.50,     1.00,  4569.00,     0.00,  4570.50,    -1.00
  4572.00,     0.00,  4573.50,     1.00,  4575.00,     0.00,  4576.50,    -1.00
  4578.00,     0.00,  4579.50,     1.00,  4581.00,     0.00,  4582.50,    -1.00
  4584.00,     0.00,  4585.50,     1.00,  4587.00,     0.00,  4588.50,    -1.00
  4590.00,     0.00,  4591.50,     1.00,  4593.00,     0.00,  4594.50,    -1.00
  4596.00,     0.00,  4597.50,     1.00,  4599.00,     0.00,  4600.50,    -1.00
  4602.00,     0.00,  4603.50,     1.00,  4605.00,     0.00,  4606.50,    -1.00
  4608.00,     0.00,  4609.50,     1.00,  4611.00,     0.00,  4612.50,    -1.00
  4614.00,     0.00,  4615.50,     1.00,  4617.00,     0.00,  4618.50,    -1.00
  4620.00,     0.00,  4621.50,     1.00,  4623.00,     0.00,  4624.50,    -1.00
  4626.00,     0.00,  4627.50,     1.00,  4629.00,     0.00,  4630.50,    -1.00
  4632.00,     0.00,  4633.50,     1.00,  4635.00,     0.00,  4636.50,    -1.00
  4638.00,     0.00,  4639.50,     1.00,  4641.00,     0.00,  4642.50,    -1.00
  4644.00,     0.00,  4645.50,     1.00,  4647.00,     0.00,  4648.50,    -1.00
  4650.00,     0.00,  4651.50,     1.00,  4653.00,     0.00,  4654.50,    -1.00
  4656.00,     0.00,  4657.50,     1.00,  4659.00,     0.00,  4660.50,    -1.00
  4662.00,     0.00,  4663.50,     1.00,  4665.00,     0.00,  4666.50,    -1.00
  4668.00,     0.00,  4669.50,     1.00,  4671.00,     0.00,  4672.50,    -1.00
  4674.00,     0.00,  4675.50,     1.00,  4677.00,     0.00,  4678.50,    -1.00
  4680.00,     0.00,  4681.50,     1.00,  4683.00,     0.00,  4684.50,    -1.00
  4686.00,     0.00,  4687.50,     1.00,  4689.00,     0.00,  4690.50,    -1.00
  4692.00,     0.00,  4693.50,     1.00,  4695.00,     0.00,  4696.50,    -1.00
  4698.00,     0.00,  4699.50,     1.00,  4701.00,     0.00,  4702.50,    -1.00
  4704.00,     0.00,  4705.50,     1.00,  4707.00,     0.00,  4708.50,    -1.00
  4710.00,     0.00,  4711.50,     1.00,  4713.00,     0.00,  4714.50,    -1.00
  4716.00,     0.00,  4717.50,     1.00,  4719.00,     0.00,  4720.50,    -1.00
  4722.00,     0.00,  4723.50,     1.00,  4725.00,     0.00,  4726.50,    -1.00
  4728.00,     0.00,  4729.50,     1.00,  4731.00,     0.00,  4732.50,    -1.00
  4734.00,     0.00,  4735.50,     1.00,  4737.00,     0.00,  4738.50,    -1.00
  4740.00,     0.00,  4741.50,     1.00,  4743.00,     0.00,  4744.50,    -1.00
  4746.00,     0.00,  4747.50,     1.00,  4749.00,     0.00,  4750.50,    -1.00
  4752.00,     0.00,  4753.50,     1.00,  4755.00,     0.00,  4756.50,    -1.00
  4758.00,     0.00,  4759.50,     1.00,  4761.00,     0.00,  4762.50,    -1.00
  4764.00,     0.00,  4765.50,     1.00,  4767.00,     0.00,  4768.50,    -1.00
  4770.00,     0.00,  4771.50,     1.00,  4773.00,     0.00,  4774.50,    -1.00
  4776.00,     0.00,  4777.50,     1.00,  4779.00,     0.00,  4780.50,    -1.00
  4782.00,     0.00,  4783.50,     1.00,  4785.00,     0.00,  4786.50,    -1.00
  4788.00,     0.00,  4789.50,     1.00,  4791.00,     0.00,  4792.50,    -1.00
  4794.00,     0.00,  4795.50,     1.00,  4797.00,     0.00,  4798.50,    -1.00
  4800.00,     0.00,  4801.50,     1.00,  4803.00,     0.00,  4804.50,    -1.00
  4806.00,     0.00,  4807.50,     1.00,  4809.00,     0.00,  4810.50,    -1.00
  4812.00,     0.00,  4813.50,     1.00,  4815.00,     0.00,  4816.50,    -1.00
  4818.00,     0.00,  4819.50,     1.00,  4821.00,     0.00,  4822.50,    -1.00
  4824.00,     0.00,  4825.50,     1.00,  4827.00,     0.00,  4828.50,    -1.00
  4830.00,     0.00,  4831.50,     1.00,  4833.00,     0.00,  4834.50,    -1.00
  4836.00,     0.00,  4837.50,     1.00,  4839.00,     0.00,  4840.50,    -1.00
  4842.00,     0.00,  4843.50,     1.00,  4845.00,     0.00,  4846.50,    -1.00
  4848.00,     0.00,  4849.50,     1.00,  4851.00,     0.00,  4852.50,    -1.00
  4854.00,     0.00,  4855.50,     1.00,  4857.00,     0.00,  4858.50,    -1.00
  4860.00,     0.00,  4861.50,     1.00,  4863.00,     0.00,  4864.50,    -1.00
  4866.00,     0.00,  4867.50,     1.00,  4869.00,     0.00,  4870.50,    -1.00
  4872.00,     0.00,  4873.50,     1.00,  4875.00,     0.00,  4876.50,    -1.00
  4878.00,     0.00,  4879.50,     1.00,  4881.00,     0.00,  4882.50,    -1.00
  4884.00,     0.00,  4885.50,     1.00,  4887.00,     0.00,  4888.50,    -1.00
  4890.00,     0.00,  4891.50,     1.00,  4893.00,     0.00,  4894.50,    -1.00
  4896.00,     0.00,  4897.50,     1.00,  4899.00,     0.00,  4900.50,    -1.00
  4902.00,     0.00,  4903.50,     1.00,  4905.00,     0.00,  4906.50,    -1.00
  4908.00,     0.00,  4909.50,     1.00,  4911.00,     0.00,  4912.50,    -1.00
  4914.00,     0.00,  4915.50,     1.00,  4917.00,     0.00,  4918.50,    -1.00
  4920.00,     0.00,  4921.50,     1.00,  4923.00,     0.00,  4924.50,    -1.00
  4926.00,     0.00,  4927.50,     1.00,  4929.00,     0.00,  4930.50,    -1.00
  4932.00,     0.00,  4933.50,     1.00,  4935.00,     0.00,  4936.50,    -1.00
  4938.00,     0.00,  4939.50,     1.00,  4941.00,     0.00,  4942.50,    -1.00
  4944.00,     0.00,  4945.50,     1.00,  4947.00,     0.00,  4948.50,    -1.00
  4950.00,     0.00,  4951.50,     1.00,  4953.00,     0.00,  4954.50,    -1.00
  4956.00,     0.00,  4957.50,     1.00,  4959.00,     0.00,  4960.50,    -1.00
  4962.00,     0.00,  4963.50,     1.00,  4965.00,     0.00,  4966.50,    -1.00
  4968.00,     0.00,  4969.50,     1.00,  4971.00,     0.00,  4972.50,    -1.00
  4974.00,     0.00,  4975.50,     1.00,  4977.00,     0.00,  4978.50,    -1.00
  4980.00,     0.00,  4981.50,     1.00,  4983.00,     0.00,  4984.50,    -1.00
  4986.00,     0.00,  4987.50,     1.00,  4989.00,     0.00,  4990.50,    -1.00
  4992.00,     0.00,  4993.50,     1.00,  4995.00,     0.00,  4996.50,    -1.00
  4998.00,     0.00,  4999.50,     1.00,  5001.00,     0.00,  5002.50,    -1.00
  5004.00,     0.00,  5005.50,     1.00,  5007.00,     0.00,  5008.50,    -1.00
  5010.00,     0.00,  5011.50,     1.00,  5013.00,     0.00,  5014.50,    -1.00
  5016.00,     0.00,  5017.50,     1.00,  5019.00,     0.00,  5020.50,    -1.00
  5022.00,     0.00,  5023.50,     1.00,  5025.00,     0.00,  5026.50,    -1.00
  5028.00,     0.00,  5029.50,     1.00,  5031.00,     0.00,  5032.50,    -1.00
  5034.00,     0.00,  5035.50,     1.00,  5037.00,     0.00,  5038.50,    -1.00
  5040.00,     0.00,  5041.50,     1.00,  5043.00,     0.00,  5044.50,    -1.00
  5046.00,     0.00,  5047.50,     1.00,  5049.00,     0.00,  5050.50,    -1.00
  5052.00,     0.00,  5053.50,     1.00,  5055.00,     0.00,  5056.50,    -1.00
  5058.00,     0.00,  5059.50,     1.00,  5061.00,     0.00,  5062.50,    -1.00
  5064.00,     0.00,  5065.50,     1.00,  5067.00,     0.00,  5068.50,    -1.00
  5070.00,     0.00,  5071.50,     1.00,  5073.00,     0.00,  5074.50,    -1.00
  5076.00,     0.00,  5077.50,     1.00,  5079.00,     0.00,  5080.50,    -1.00
  5082.00,     0.00,  5083.50,     1.00,  5085.00,     0.00,  5086.50,    -1.00
  5088.00,     0.00,  5089.50,     1.00,  5091.00,     0.00,  5092.50,    -1.00
  5094.00,     0.00,  5095.50,     1.00,  5097.00,     0.00,  5098.50,    -1.00
  5100.00,     0.00,  5101.50,     1.00,  5103.00,     0.00,  5104.50,    -1.00
  5106.00,     0.00,  5107.50,     1.00,  5109.00,     0.00,  5110.50,    -1.00
  5112.00,     0.00,  5113.50,     1.00,  5115.00,     0.00,  5116.50,    -1.00
  5118.00,     0.00,  5119.50,     1.00,  5121.00,     0.00,  5122.50,    -1.00
  5124.00,     0.00,  5125.50,     1.00,  5127.00,     0.00,  5128.50,    -1.00
  5130.00,     0.00,  5131.50,     1.00,  5133.00,     0.00,  5134.50,    -1.00
  5136.00,     0.00,  5137.50,     1.00,  5139.00,     0.00,  5140.50,    -1.00
  5142.00,     0.00,  5143.50,     1.00,  5145.00,     0.00,  5146.50,    -1.00
  5148.00,     0.00,  5149.50,     1.00,  5151.00,     0.00,  5152.50,    -1.00
  5154.00,     0.00,  5155.50,     1.00,  5157.00,     0.00,  5158.50,    -1.00
  5160.00,     0.00,  5161.50,     1.00,  5163.00,     0.00,  5164.50,    -1.00
  5166.00,     0.00,  5167.50,     1.00,  5169.00,     0.00,  5170.50,    -1.00
  5172.00,     0.00,  5173.50,     1.00,  5175.00,     0.00,  5176.50,    -1.00
  5178.00,     0.00,  5179.50,     1.00,  5181.00,     0.00,  5182.50,    -1.00
  5184.00,     0.00,  5185.50,     1.00,  5187.00,     0.00,  5188.50,    -1.00
  5190.00,     0.00,  5191.50,     1.00,  5193.00,     0.00,  5194.50,    -1.00
  5196.00,     0.00,  5197.50,     1.00,  5199.00,     0.00,  5200.50,    -1.00
  5202.00,     0.00,  5203.50,     1.00,  5205.00,     0.00,  5206.50,    -1.00
  5208.00,     0.00,  5209.50,     1.00,  5211.00,     0.00,  5212.50,    -1.00
  5214.00,     0.00,  5215.50,     1.00,  5217.00,     0.00,  5218.50,    -1.00
  5220.00,     0.00,  5221.50,     1.00,  5223.00,     0.00,  5224.50,    -1.00
  5226.00,     0.00,  5227.50,     1.00,  5229.00,     0.00,  5230.50,    -1.00
  5232.00,     0.00,  5233.50,     1.00,  5235.00,     0.00,  5236.50,    -1.00
  5238.00,     0.00,  5239.50,     1.00,  5241.00,     0.00,  5242.50,    -1.00
  5244.00,     0.00,  5245.50,     1.00,  5247.00,     0.00,  5248.50,    -1.00
  5250.00,     0.00,  5251.50,     1.00,  5253.00,     0.00,  5254.50,    -1.00
  5256.00,     0.00,  5257.50,     1.00,  5259.00,     0.00,  5260.50,    -1.00
  5262.00,     0.00,  5263.50,     1.00,  5265.00,     0.00,  5266.50,    -1.00
  5268.00,     0.00,  5269.50,     1.00,  5271.00,     0.00,  5272.50,    -1.00
  5274.00,     0.00,  5275.50,     1.00,  5277.00,     0.00,  5278.50,    -1.00
  5280.00,     0.00,  5281.50,     1.00,  5283.00,     0.00,  5284.50,    -1.00
  5286.00,     0.00,  5287.50,     1.00,  5289.00,     0.00,  5290.50,    -1.00
  5292.00,     0.00,  5293.50,     1.00,  5295.00,     0.00,  5296.50,    -1.00
  5298.00,     0.00,  5299.50,     1.00,  5301.00,     0.00,  5302.50,    -1.00
  5304.00,     0.00,  5305.50,     1.00,  5307.00,     0.00,  5308.50,    -1.00
  5310.00,     0.00,  5311.50,     1.00,  5313.00,     0.00,  5314.50,    -1.00
  5316.00,     0.00,  5317.50,     1.00,  5319.00,     0.00,  5320.50,    -1.00
  5322.00,     0.00,  5323.50,     1.00,  5325.00,     0.00,  5326.50,    -1.00
  5328.00,     0.00,  5329.50,     1.00,  5331.00,     0.00,  5332.50,    -1.00
  5334.00,     0.00,  5335.50,     1.00,  5337.00,     0.00,  5338.50,    -1.00
  5340.00,     0.00,  5341.50,     1.00,  5343.00,     0.00,  5344.50,    -1.00
  5346.00,     0.00,  5347.50,     1.00,  5349.00,     0.00,  5350.50,    -1.00
  5352.00,     0.00,  5353.50,     1.00,  5355.00,     0.00,  5356.50,    -1.00
  5358.00,     0.00,  5359.50,     1.00,  5361.00,     0.00,  5362.50,    -1.00
  5364.00,     0.00,  5365.50,     1.00,  5367.00,     0.00,  5368.50,    -1.00
  5370.00,     0.00,  5371.50,     1.00,  5373.00,     0.00,  5374.50,    -1.00
  5376.00,     0.00,  5377.50,     1.00,  5379.00,     0.00,  5380.50,    -1.00
  5382.00,     0.00,  5383.50,     1.00,  5385.00,     0.00,  5386.50,    -1.00
  5388.00,     0.00,  5389.50,     1.00,  5391.00,     0.00,  5392.50,    -1.00
  5394.00,     0.00,  5395.50,     1.00,  5397.00,     0.00,  5398.50,    -1.00
  5400.00,     0.00,  5401.50,     1.00,  5403.00,     0.00,  5404.50,    -1.00
  5406.00,     0.00,  5407.50,     1.00,  5409.00,     0.00,  5410.50,    -1.00
  5412.00,     0.00,  5413.50,     1.00,  5415.00,     0.00,  5416.50,    -1.00
  5418.00,     0.00,  5419.50,     1.00,  5421.00,     0.00,  5422.50,    -1.00
  5424.00,     0.00,  5425.50,     1.00,  5427.00,     0.00,  5428.50,    -1.00
  5430.00,     0.00,  5431.50,     1.00,  5433.00,     0.00,  5434.50,    -1.00
  5436.00,     0.00,  5437.50,     1.00,  5439.00,     0.00,  5440.50,    -1.00
  5442.00,     0.00,  5443.50,     1.00,  5445.00,     0.00,  5446.50,    -1.00
  5448.00,     0.00,  5449.50,     1.00,  5451.00,     0.00,  5452.50,    -1.00
  5454.00,     0.00,  5455.50,     1.00,  5457.00,     0.00,  5458.50,    -1.00
  5460.00,     0.00,  5461.50,     1.00,  5463.00,     0.00,  5464.50,    -1.00
  5466.00,     0.00,  5467.50,     1.00,  5469.00,     0.00,  5470.50,    -1.00
  5472.00,     0.00,  5473.50,     1.00,  5475.00,     0.00,  5476.50,    -1.00
  5478.00,     0.00,  5479.50,     1.00,  5481.00,     0.00,  5482.50,    -1.00
  5484.00,     0.00,  5485.50,     1.00,  5487.00,     0.00,  5488.50,    -1.00
  5490.00,     0.00,  5491.50,     1.00,  5493.00,     0.00,  5494.50,    -1.00
  5496.00,     0.00,  5497.50,     1.00,  5499.00,     0.00,  5500.50,    -1.00
  5502.00,     0.00,  5503.50,     1.00,  5505.00,     0.00,  5506.50,    -1.00
  5508.00,     0.00,  5509.50,     1.00,  5511.00,     0.00,  5512.50,    -1.00
  5514.00,     0.00,  5515.50,     1.00,  5517.00,     0.00,  5518.50,    -1.00
  5520.00,     0.00,  5521.50,     1.00,  5523.00,     0.00,  5524.50,    -1.00
  5526.00,     0.00,  5527.50,     1.00,  5529.00,     0.00,  5530.50,    -1.00
  5532.00,     0.00,  5533.50,     1.00,  5535.00,     0.00,  5536.50,    -1.00
  5538.00,     0.00,  5539.50,     1.00,  5541.00,     0.00,  5542.50,    -1.00
  5544.00,     0.00,  5545.50,     1.00,  5547.00,     0.00,  5548.50,    -1.00
  5550.00,     0.00,  5551.50,     1.00,  5553.00,     0.00,  5554.50,    -1.00
  5556.00,     0.00,  5557.50,     1.00,  5559.00,     0.00,  5560.50,    -1.00
  5562.00,     0.00,  5563.50,     1.00,  5565.00,     0.00,  5566.50,    -1.00
  5568.00,     0.00,  5569.50,     1.00,  5571.00,     0.00,  5572.50,    -1.00
  5574.00,     0.00,  5575.50,     1.00,  5577.00,     0.00,  5578.50,    -1.00
  5580.00,     0.00,  5581.50,     1.00,  5583.00,     0.00,  5584.50,    -1.00
  5586.00,     0.00,  5587.50,     1.00,  5589.00,     0.00,  5590.50,    -1.00
  5592.00,     0.00,  5593.50,     1.00,  5595.00,     0.00,  5596.50,    -1.00
  5598.00,     0.00,  5599.50,     1.00,  5601.00,     0.00,  5602.50,    -1.00
  5604.00,     0.00,  5605.50,     1.00,  5607.00,     0.00,  5608.50,    -1.00
  5610.00,     0.00,  5611.50,     1.00,  5613.00,     0.00,  5614.50,    -1.00
  5616.00,     0.00,  5617.50,     1.00,  5619.00,     0.00,  5620.50,    -1.00
  5622.00,     0.00,  5623.50,     1.00,  5625.00,     0.00,  5626.50,    -1.00
  5628.00,     0.00,  5629.50,     1.00,  5631.00,     0.00,  5632.50,    -1.00
  5634.00,     0.00,  5635.50,     1.00,  5637.00,     0.00,  5638.50,    -1.00
  5640.00,     0.00,  5641.50,     1.00,  5643.00,     0.00,  5644.50,    -1.00
  5646.00,     0.00,  5647.50,     1.00,  5649.00,     0.00,  5650.50,    -1.00
  5652.00,     0.00,  5653.50,     1.00,  5655.00,     0.00,  5656.50,    -1.00
  5658.00,     0.00,  5659.50,     1.00,  5661.00,     0.00,  5662.50,    -1.00
  5664.00,     0.00,  5665.50,     1.00,  5667.00,     0.00,  5668.50,    -1.00
  5670.00,     0.00,  5671.50,     1.00,  5673.00,     0.00,  5674.50,    -1.00
  5676.00,     0.00,  5677.50,     1.00,  5679.00,     0.00,  5680.50,    -1.00
  5682.00,     0.00,  5683.50,     1.00,  5685.00,     0.00,  5686.50,    -1.00
  5688.00,     0.00,  5689.50,     1.00,  5691.00,     0.00,  5692.50,    -1.00
  5694.00,     0.00,  5695.50,     1.00,  5697.00,     0.00,  5698.50,    -1.00
  5700.00,     0.00,  5701.50,     1.00,  5703.00,     0.00,  5704.50,    -1.00
  5706.00,     0.00,  5707.50,     1.00,  5709.00,     0.00,  5710.50,    -1.00
  5712.00,     0.00,  5713.50,     1.00,  5715.00,     0.00,  5716.50,    -1.00
  5718.00,     0.00,  5719.50,     1.00,  5721.00,     0.00,  5722.50,    -1.00
  5724.00,     0.00,  5725.50,     1.00,  5727.00,     0.00,  5728.50,    -1.00
  5730.00,     0.00,  5731.50,     1.00,  5733.00,     0.00,  5734.50,    -1.00
  5736.00,     0.00,  5737.50,     1.00,  5739.00,     0.00,  5740.50,    -1.00
  5742.00,     0.00,  5743.50,     1.00,  5745.00,     0.00,  5746.50,    -1.00
  5748.00,     0.00,  5749.50,     1.00,  5751.00,     0.00,  5752.50,    -1.00
  5754.00,     0.00,  5755.50,     1.00,  5757.00,     0.00,  5758.50,    -1.00
  5760.00,     0.00,  5761.50,     1.00,  5763.00,     0.00,  5764.50,    -1.00
  5766.00,     0.00,  5767.50,     1.00,  5769.00,     0.00,  5770.50,    -1.00
  5772.00,     0.00,  5773.50,     1.00,  5775.00,     0.00,  5776.50,    -1.00
  5778.00,     0.00,  5779.50,     1.00,  5781.00,     0.00,  5782.50,    -1.00
  5784.00,     0.00,  5785.50,     1.00,  5787.00,     0.00,  5788.50,    -1.00
  5790.00,     0.00,  5791.50,     1.00,  5793.00,     0.00,  5794.50,    -1.00
  5796.00,     0.00,  5797.50,     1.00,  5799.00,     0.00,  5800.50,    -1.00
  5802.00,     0.00,  5803.50,     1.00,  5805.00,     0.00,  5806.50,    -1.00
  5808.00,     0.00,  5809.50,     1.00,  5811.00,     0.00,  5812.50,    -1.00
  5814.00,     0.00,  5815.50,     1.00,  5817.00,     0.00,  5818.50,    -1.00
  5820.00,     0.00,  5821.50,     1.00,  5823.00,     0.00,  5824.50,    -1.00
  5826.00,     0.00,  5827.50,     1.00,  5829.00,     0.00,  5830.50,    -1.00
  5832.00,     0.00,  5833.50,     1.00,  5835.00,     0.00,  5836.50,    -1.00
  5838.00,     0.00,  5839.50,     1.00,  5841.00,     0.00,  5842.50,    -1.00
  5844.00,     0.00,  5845.50,     1.00,  5847.00,     0.00,  5848.50,    -1.00
  5850.00,     0.00,  5851.50,     1.00,  5853.00,     0.00,  5854.50,    -1.00
  5856.00,     0.00,  5857.50,     1.00,  5859.00,     0.00,  5860.50,    -1.00
  5862.00,     0.00,  5863.50,     1.00,  5865.00,     0.00,  5866.50,    -1.00
  5868.00,     0.00,  5869.50,     1.00,  5871.00,     0.00,  5872.50,    -1.00
  5874.00,     0.00,  5875.50,     1.00,  5877.00,     0.00,  5878.50,    -1.00
  5880.00,     0.00,  5881.50,     1.00,  5883.00,     0.00,  5884.50,    -1.00
  5886.00,     0.00,  5887.50,     1.00,  5889.00,     0.00,  5890.50,    -1.00
  5892.00,     0.00,  5893.50,     1.00,  5895.00,     0.00,  5896.50,    -1.00
  5898.00,     0.00,  5899.50,     1.00,  5901.00,     0.00,  5902.50,    -1.00
  5904.00,     0.00,  5905.50,     1.00,  5907.00,     0.00,  5908.50,    -1.00
  5910.00,     0.00,  5911.50,     1.00,  5913.00,     0.00,  5914.50,    -1.00
  5916.00,     0.00,  5917.50,     1.00,  5919.00,     0.00,  5920.50,    -1.00
  5922.00,     0.00,  5923.50,     1.00,  5925.00,     0.00,  5926.50,    -1.00
  5928.00,     0.00,  5929.50,     1.00,  5931.00,     0.00,  5932.50,    -1.00
  5934.00,     0.00,  5935.50,     1.00,  5937.00,     0.00,  5938.50,    -1.00
  5940.00,     0.00,  5941.50,     1.00,  5943.00,     0.00,  5944.50,    -1.00
  5946.00,     0.00,  5947.50,     1.00,  5949.00,     0.00,  5950.50,    -1.00
  5952.00,     0.00,  5953.50,     1.00,  5955.00,     0.00,  5956.50,    -1.00
  5958.00,     0.00,  5959.50,     1.00,  5961.00,     0.00,  5962.50,    -1.00
  5964.00,     0.00,  5965.50,     1.00,  5967.00,     0.00,  5968.50,    -1.00
  5970.00,     0.00,  5971.50,     1.00,  5973.00,     0.00,  5974.50,    -1.00
  5976.00,     0.00,  5977.50,     1.00,  5979.00,     0.00,  5980.50,    -1.00
  5982.00,     0.00,  5983.50,     1.00,  5985.00,     0.00,  5986.50,    -1.00
  5988.00,     0.00,  5989.50,     1.00,  5991.00,     0.00,  5992.50,    -1.00
  5994.00,     0.00,  5995.50,     1.00,  5997.00,     0.00,  5998.50,    -1.00
  6000.00,     0.00